# Made in Blockbench 5.0.7
mtllib cwspouche.mtl

o cube
v 0.19837602863369655 0.40788395173115843 -0.17699646958033746
v 0.21235845044189355 0.4013509227769301 -0.23756099230660743
v 0.19396719337975857 0.22141109634960715 -0.1578997060442116
v 0.20794961518795557 0.21487806739537882 -0.21846422877048158
v 0.09056219234373913 0.4013509227769301 -0.26567987409959054
v 0.07657977053554214 0.40788395173115843 -0.20511535137332057
v 0.08615335708980115 0.21487806739537882 -0.24658311056346469
v 0.07217093528160416 0.22141109634960715 -0.18601858783719472
vt 0 0.8125
vt 0.0625 0.8125
vt 0.0625 0.71875
vt 0 0.71875
vt 0.28125 0.53125
vt 0.3125 0.53125
vt 0.3125 0.4375
vt 0.28125 0.4375
vt 0.1875 1
vt 0.25 1
vt 0.25 0.90625
vt 0.1875 0.90625
vt 0.3125 0.53125
vt 0.34375 0.53125
vt 0.34375 0.4375
vt 0.3125 0.4375
vt 0.5625 0.59375
vt 0.5 0.59375
vt 0.5 0.5625
vt 0.5625 0.5625
vn 0.22371874893115185 -0.10452846326765343 -0.9690323636203194
vn 0.9743700647852352 -3.469446951953614e-18 0.22495105434386478
vn -0.22371874893115185 0.10452846326765343 0.9690323636203194
vn -0.9743700647852352 3.469446951953614e-18 -0.22495105434386478
vn -0.023513788021002575 -0.9945218953682733 0.10184940552600454
usemtl m_b30e1048-98e5-1e68-ef05-1b5dd5d2efba
f 4/4/1 7/3/1 5/2/1 2/1/1
f 3/8/2 4/7/2 2/6/2 1/5/2
f 8/12/3 3/11/3 1/10/3 6/9/3
f 7/16/4 8/15/4 6/14/4 5/13/4
f 7/20/5 4/19/5 3/18/5 8/17/5
o cube
v 0.16829225602991343 0.4831263967792017 -0.18560844317040653
v 0.18646940438056953 0.47463345913870486 -0.26434232271455754
v 0.16520607135215684 0.35259539801211587 -0.17224070869511846
v 0.18338321970281293 0.344102460371619 -0.25097458823926944
v 0.12557127533149232 0.47463345913870486 -0.27840176361104907
v 0.10739412698083622 0.4831263967792017 -0.1996678840668981
v 0.12248509065373574 0.344102460371619 -0.265034029135761
v 0.10430794230307963 0.35259539801211587 -0.18630014959161
vt 0.3125 0.4375
vt 0.34375 0.4375
vt 0.34375 0.375
vt 0.3125 0.375
vt 0.5625 0.6875
vt 0.59375 0.6875
vt 0.59375 0.625
vt 0.5625 0.625
vt 0.65625 0.578125
vt 0.625 0.578125
vt 0.625 0.625
vt 0.65625 0.625
vt 0.65625 0.5625
vt 0.625 0.5625
vt 0.625 0.515625
vt 0.65625 0.515625
vn 0.22371874893115185 -0.10452846326765343 -0.9690323636203194
vn -0.22371874893115185 0.10452846326765343 0.9690323636203194
vn 0.023513788021002575 0.9945218953682733 -0.10184940552600454
vn -0.023513788021002575 -0.9945218953682733 0.10184940552600454
usemtl m_b30e1048-98e5-1e68-ef05-1b5dd5d2efba
f 12/24/6 15/23/6 13/22/6 10/21/6
f 16/28/7 11/27/7 9/26/7 14/25/7
f 14/32/8 9/31/8 10/30/8 13/29/8
f 15/36/9 12/35/9 11/34/9 16/33/9
o cube
v 0.19999260156014048 0.4762573320377272 -0.18399861621025027
v 0.21537326554915714 0.469071000188076 -0.25061959120914723
v 0.19727381982021205 0.3612657378857706 -0.17222227869630602
v 0.21265448380922874 0.3540794060361194 -0.23884325369520296
v 0.09357700745100275 0.469071000188076 -0.27873847300213034
v 0.07819634346198606 0.4762573320377272 -0.21211749800323337
v 0.09085822571107433 0.3540794060361194 -0.26696213548818604
v 0.07547756172205765 0.3612657378857706 -0.2003411604892891
vt 0 0.71875
vt 0.0625 0.71875
vt 0.0625 0.65625
vt 0 0.65625
vt 0.5625 0.53125
vt 0.5 0.53125
vt 0.5 0.5625
vt 0.5625 0.5625
vn 0.22371874893115185 -0.10452846326765343 -0.9690323636203194
vn 0.023513788021002575 0.9945218953682733 -0.10184940552600454
usemtl m_b30e1048-98e5-1e68-ef05-1b5dd5d2efba
f 20/40/10 23/39/10 21/38/10 18/37/10
f 22/44/11 17/43/11 18/42/11 21/41/11
o cube
v 0.19999260156014048 0.4762573320377272 -0.18399861621025027
v 0.19999260156014048 0.4762573320377272 -0.18399861621025027
v 0.19837602863369655 0.40788395173115843 -0.17699646958033746
v 0.19837602863369655 0.40788395173115843 -0.17699646958033746
v 0.07819634346198606 0.4762573320377272 -0.21211749800323337
v 0.07819634346198606 0.4762573320377272 -0.21211749800323337
v 0.07657977053554214 0.40788395173115843 -0.20511535137332057
v 0.07657977053554214 0.40788395173115843 -0.20511535137332057
vt 0.5625 0.46875
vt 0.625 0.46875
vt 0.625 0.4375
vt 0.5625 0.4375
vt 0 1
vt 0 1
vt 0 0.96875
vt 0 0.96875
vt 0.5625 0.4375
vt 0.625 0.4375
vt 0.625 0.40625
vt 0.5625 0.40625
vt 0 1
vt 0 1
vt 0 0.96875
vt 0 0.96875
vt 0.0625 1
vt 0 1
vt 0 1
vt 0.0625 1
vt 0.0625 1
vt 0 1
vt 0 1
vt 0.0625 1
vn 0.22371874893115185 -0.10452846326765343 -0.9690323636203194
vn 0.9743700647852352 -3.469446951953614e-18 0.22495105434386478
vn -0.22371874893115185 0.10452846326765343 0.9690323636203194
vn -0.9743700647852352 3.469446951953614e-18 -0.22495105434386478
vn 0.023513788021002575 0.9945218953682733 -0.10184940552600454
vn -0.023513788021002575 -0.9945218953682733 0.10184940552600454
usemtl m_b30e1048-98e5-1e68-ef05-1b5dd5d2efba
f 28/48/12 31/47/12 29/46/12 26/45/12
f 27/52/13 28/51/13 26/50/13 25/49/13
f 32/56/14 27/55/14 25/54/14 30/53/14
f 31/60/15 32/59/15 30/58/15 29/57/15
f 30/64/16 25/63/16 26/62/16 29/61/16
f 31/68/17 28/67/17 27/66/17 32/65/17
o cube
v 0.1989715777913505 0.47216949677156717 -0.19346798727174663
v 0.20945839414749823 0.46726972505589587 -0.2388913793164491
v 0.19595887370115955 0.3447463789275071 -0.18041853218872728
v 0.20644569005730729 0.3398466072118358 -0.22584192423342975
v 0.09375194895425162 0.46726972505589587 -0.26560431701978304
v 0.08326513259810389 0.47216949677156717 -0.22018092497508054
v 0.09073924486406068 0.3398466072118358 -0.2525548619367637
v 0.08025242850791293 0.3447463789275071 -0.20713146989206122
vt 0.25 0.6875
vt 0.3125 0.6875
vt 0.3125 0.625
vt 0.25 0.625
vt 0.59375 0.78125
vt 0.625 0.78125
vt 0.625 0.71875
vt 0.59375 0.71875
vt 0.3125 0.6875
vt 0.375 0.6875
vt 0.375 0.625
vt 0.3125 0.625
vt 0.59375 0.71875
vt 0.625 0.71875
vt 0.625 0.65625
vt 0.59375 0.65625
vt 0.65625 0.625
vt 0.59375 0.625
vt 0.59375 0.65625
vt 0.65625 0.65625
vt 0.4375 0.40625
vt 0.375 0.40625
vt 0.375 0.375
vt 0.4375 0.375
vn 0.22371874893115185 -0.10452846326765343 -0.9690323636203194
vn 0.9743700647852352 -3.469446951953614e-18 0.22495105434386478
vn -0.22371874893115185 0.10452846326765343 0.9690323636203194
vn -0.9743700647852352 3.469446951953614e-18 -0.22495105434386478
vn 0.023513788021002575 0.9945218953682733 -0.10184940552600454
vn -0.023513788021002575 -0.9945218953682733 0.10184940552600454
usemtl m_b30e1048-98e5-1e68-ef05-1b5dd5d2efba
f 36/72/18 39/71/18 37/70/18 34/69/18
f 35/76/19 36/75/19 34/74/19 33/73/19
f 40/80/20 35/79/20 33/78/20 38/77/20
f 39/84/21 40/83/21 38/82/21 37/81/21
f 38/88/22 33/87/22 34/86/22 37/85/22
f 39/92/23 36/91/23 35/90/23 40/89/23
o cube
v 0.1989715777913505 0.47216949677156717 -0.19346798727174663
v 0.20945839414749823 0.46726972505589587 -0.2388913793164491
v 0.19595887370115955 0.3447463789275071 -0.18041853218872728
v 0.20644569005730729 0.3398466072118358 -0.22584192423342975
v 0.09375194895425162 0.46726972505589587 -0.26560431701978304
v 0.08326513259810389 0.47216949677156717 -0.22018092497508054
v 0.09073924486406068 0.3398466072118358 -0.2525548619367637
v 0.08025242850791293 0.3447463789275071 -0.20713146989206122
vt 0.25 0.6875
vt 0.3125 0.6875
vt 0.3125 0.625
vt 0.25 0.625
vt 0.59375 0.78125
vt 0.625 0.78125
vt 0.625 0.71875
vt 0.59375 0.71875
vt 0.3125 0.6875
vt 0.375 0.6875
vt 0.375 0.625
vt 0.3125 0.625
vt 0.59375 0.71875
vt 0.625 0.71875
vt 0.625 0.65625
vt 0.59375 0.65625
vt 0.65625 0.625
vt 0.59375 0.625
vt 0.59375 0.65625
vt 0.65625 0.65625
vt 0.4375 0.40625
vt 0.375 0.40625
vt 0.375 0.375
vt 0.4375 0.375
vn 0.22371874893115185 -0.10452846326765343 -0.9690323636203194
vn 0.9743700647852352 -3.469446951953614e-18 0.22495105434386478
vn -0.22371874893115185 0.10452846326765343 0.9690323636203194
vn -0.9743700647852352 3.469446951953614e-18 -0.22495105434386478
vn 0.023513788021002575 0.9945218953682733 -0.10184940552600454
vn -0.023513788021002575 -0.9945218953682733 0.10184940552600454
usemtl m_b30e1048-98e5-1e68-ef05-1b5dd5d2efba
f 44/96/24 47/95/24 45/94/24 42/93/24
f 43/100/25 44/99/25 42/98/25 41/97/25
f 48/104/26 43/103/26 41/102/26 46/101/26
f 47/108/27 48/107/27 46/106/27 45/105/27
f 46/112/28 41/111/28 42/110/28 45/109/28
f 47/116/29 44/115/29 43/114/29 48/113/29
o cube
v 0.19999260156014048 0.4762573320377272 -0.18399861621025027
v 0.19999260156014048 0.4762573320377272 -0.18399861621025027
v 0.19837602863369655 0.40788395173115843 -0.17699646958033746
v 0.19837602863369655 0.40788395173115843 -0.17699646958033746
v 0.07819634346198606 0.4762573320377272 -0.21211749800323337
v 0.07819634346198606 0.4762573320377272 -0.21211749800323337
v 0.07657977053554214 0.40788395173115843 -0.20511535137332057
v 0.07657977053554214 0.40788395173115843 -0.20511535137332057
vt 0.5625 0.46875
vt 0.625 0.46875
vt 0.625 0.4375
vt 0.5625 0.4375
vt 0 1
vt 0 1
vt 0 0.96875
vt 0 0.96875
vt 0.5625 0.4375
vt 0.625 0.4375
vt 0.625 0.40625
vt 0.5625 0.40625
vt 0 1
vt 0 1
vt 0 0.96875
vt 0 0.96875
vt 0.0625 1
vt 0 1
vt 0 1
vt 0.0625 1
vt 0.0625 1
vt 0 1
vt 0 1
vt 0.0625 1
vn 0.22371874893115185 -0.10452846326765343 -0.9690323636203194
vn 0.9743700647852352 -3.469446951953614e-18 0.22495105434386478
vn -0.22371874893115185 0.10452846326765343 0.9690323636203194
vn -0.9743700647852352 3.469446951953614e-18 -0.22495105434386478
vn 0.023513788021002575 0.9945218953682733 -0.10184940552600454
vn -0.023513788021002575 -0.9945218953682733 0.10184940552600454
usemtl m_b30e1048-98e5-1e68-ef05-1b5dd5d2efba
f 52/120/30 55/119/30 53/118/30 50/117/30
f 51/124/31 52/123/31 50/122/31 49/121/31
f 56/128/32 51/127/32 49/126/32 54/125/32
f 55/132/33 56/131/33 54/130/33 53/129/33
f 54/136/34 49/135/34 50/134/34 53/133/34
f 55/140/35 52/139/35 51/138/35 56/137/35
o cube
v 0.19999260156014048 0.4762573320377272 -0.18399861621025027
v 0.21537326554915714 0.469071000188076 -0.25061959120914723
v 0.19727381982021205 0.3612657378857706 -0.17222227869630602
v 0.21265448380922874 0.3540794060361194 -0.23884325369520296
v 0.09357700745100275 0.469071000188076 -0.27873847300213034
v 0.07819634346198606 0.4762573320377272 -0.21211749800323337
v 0.09085822571107433 0.3540794060361194 -0.26696213548818604
v 0.07547756172205765 0.3612657378857706 -0.2003411604892891
vt 0 0.71875
vt 0.0625 0.71875
vt 0.0625 0.65625
vt 0 0.65625
vt 0.5625 0.53125
vt 0.5 0.53125
vt 0.5 0.5625
vt 0.5625 0.5625
vn 0.22371874893115185 -0.10452846326765343 -0.9690323636203194
vn 0.023513788021002575 0.9945218953682733 -0.10184940552600454
usemtl m_b30e1048-98e5-1e68-ef05-1b5dd5d2efba
f 60/144/36 63/143/36 61/142/36 58/141/36
f 62/148/37 57/147/37 58/146/37 61/145/37
o cube
v 0.16829225602991343 0.4831263967792017 -0.18560844317040653
v 0.18646940438056953 0.47463345913870486 -0.26434232271455754
v 0.16520607135215684 0.35259539801211587 -0.17224070869511846
v 0.18338321970281293 0.344102460371619 -0.25097458823926944
v 0.12557127533149232 0.47463345913870486 -0.27840176361104907
v 0.10739412698083622 0.4831263967792017 -0.1996678840668981
v 0.12248509065373574 0.344102460371619 -0.265034029135761
v 0.10430794230307963 0.35259539801211587 -0.18630014959161
vt 0.3125 0.4375
vt 0.34375 0.4375
vt 0.34375 0.375
vt 0.3125 0.375
vt 0.5625 0.6875
vt 0.59375 0.6875
vt 0.59375 0.625
vt 0.5625 0.625
vt 0.65625 0.578125
vt 0.625 0.578125
vt 0.625 0.625
vt 0.65625 0.625
vt 0.65625 0.5625
vt 0.625 0.5625
vt 0.625 0.515625
vt 0.65625 0.515625
vn 0.22371874893115185 -0.10452846326765343 -0.9690323636203194
vn -0.22371874893115185 0.10452846326765343 0.9690323636203194
vn 0.023513788021002575 0.9945218953682733 -0.10184940552600454
vn -0.023513788021002575 -0.9945218953682733 0.10184940552600454
usemtl m_b30e1048-98e5-1e68-ef05-1b5dd5d2efba
f 68/152/38 71/151/38 69/150/38 66/149/38
f 72/156/39 67/155/39 65/154/39 70/153/39
f 70/160/40 65/159/40 66/158/40 69/157/40
f 71/164/41 68/163/41 67/162/41 72/161/41
o cube
v 0.19837602863369655 0.40788395173115843 -0.17699646958033746
v 0.21235845044189355 0.4013509227769301 -0.23756099230660743
v 0.19396719337975857 0.22141109634960715 -0.1578997060442116
v 0.20794961518795557 0.21487806739537882 -0.21846422877048158
v 0.09056219234373913 0.4013509227769301 -0.26567987409959054
v 0.07657977053554214 0.40788395173115843 -0.20511535137332057
v 0.08615335708980115 0.21487806739537882 -0.24658311056346469
v 0.07217093528160416 0.22141109634960715 -0.18601858783719472
vt 0 0.8125
vt 0.0625 0.8125
vt 0.0625 0.71875
vt 0 0.71875
vt 0.28125 0.53125
vt 0.3125 0.53125
vt 0.3125 0.4375
vt 0.28125 0.4375
vt 0.1875 1
vt 0.25 1
vt 0.25 0.90625
vt 0.1875 0.90625
vt 0.3125 0.53125
vt 0.34375 0.53125
vt 0.34375 0.4375
vt 0.3125 0.4375
vt 0.5625 0.59375
vt 0.5 0.59375
vt 0.5 0.5625
vt 0.5625 0.5625
vn 0.22371874893115185 -0.10452846326765343 -0.9690323636203194
vn 0.9743700647852352 -3.469446951953614e-18 0.22495105434386478
vn -0.22371874893115185 0.10452846326765343 0.9690323636203194
vn -0.9743700647852352 3.469446951953614e-18 -0.22495105434386478
vn -0.023513788021002575 -0.9945218953682733 0.10184940552600454
usemtl m_b30e1048-98e5-1e68-ef05-1b5dd5d2efba
f 76/168/42 79/167/42 77/166/42 74/165/42
f 75/172/43 76/171/43 74/170/43 73/169/43
f 80/176/44 75/175/44 73/174/44 78/173/44
f 79/180/45 80/179/45 78/178/45 77/177/45
f 79/184/46 76/183/46 75/182/46 80/181/46
o cube
v -0.07657977053554214 0.40788395173115843 -0.20511535137332057
v -0.09056219234373913 0.4013509227769301 -0.26567987409959054
v -0.07217093528160416 0.22141109634960715 -0.18601858783719472
v -0.08615335708980115 0.21487806739537882 -0.24658311056346469
v -0.21235845044189355 0.4013509227769301 -0.23756099230660743
v -0.19837602863369655 0.40788395173115843 -0.17699646958033746
v -0.20794961518795557 0.21487806739537882 -0.21846422877048158
v -0.19396719337975857 0.22141109634960715 -0.1578997060442116
vt 0.0625 0.8125
vt 0 0.8125
vt 0 0.71875
vt 0.0625 0.71875
vt 0.34375 0.53125
vt 0.3125 0.53125
vt 0.3125 0.4375
vt 0.34375 0.4375
vt 0.25 1
vt 0.1875 1
vt 0.1875 0.90625
vt 0.25 0.90625
vt 0.3125 0.53125
vt 0.28125 0.53125
vt 0.28125 0.4375
vt 0.3125 0.4375
vt 0.5 0.59375
vt 0.5625 0.59375
vt 0.5625 0.5625
vt 0.5 0.5625
vn -0.22371874893115185 -0.10452846326765343 -0.9690323636203194
vn 0.9743700647852352 3.469446951953614e-18 -0.22495105434386478
vn 0.22371874893115185 0.10452846326765343 0.9690323636203194
vn -0.9743700647852352 -3.469446951953614e-18 0.22495105434386478
vn 0.023513788021002575 -0.9945218953682733 0.10184940552600454
usemtl m_b30e1048-98e5-1e68-ef05-1b5dd5d2efba
f 84/188/47 87/187/47 85/186/47 82/185/47
f 83/192/48 84/191/48 82/190/48 81/189/48
f 88/196/49 83/195/49 81/194/49 86/193/49
f 87/200/50 88/199/50 86/198/50 85/197/50
f 87/204/51 84/203/51 83/202/51 88/201/51
o cube
v -0.10739412698083622 0.4831263967792017 -0.1996678840668981
v -0.12557127533149232 0.47463345913870486 -0.27840176361104907
v -0.10430794230307963 0.35259539801211587 -0.18630014959161
v -0.12248509065373574 0.344102460371619 -0.265034029135761
v -0.18646940438056953 0.47463345913870486 -0.26434232271455754
v -0.16829225602991343 0.4831263967792017 -0.18560844317040653
v -0.18338321970281293 0.344102460371619 -0.25097458823926944
v -0.16520607135215684 0.35259539801211587 -0.17224070869511846
vt 0.34375 0.4375
vt 0.3125 0.4375
vt 0.3125 0.375
vt 0.34375 0.375
vt 0.59375 0.6875
vt 0.5625 0.6875
vt 0.5625 0.625
vt 0.59375 0.625
vt 0.625 0.578125
vt 0.65625 0.578125
vt 0.65625 0.625
vt 0.625 0.625
vt 0.625 0.5625
vt 0.65625 0.5625
vt 0.65625 0.515625
vt 0.625 0.515625
vn -0.22371874893115185 -0.10452846326765343 -0.9690323636203194
vn 0.22371874893115185 0.10452846326765343 0.9690323636203194
vn -0.023513788021002575 0.9945218953682733 -0.10184940552600454
vn 0.023513788021002575 -0.9945218953682733 0.10184940552600454
usemtl m_b30e1048-98e5-1e68-ef05-1b5dd5d2efba
f 92/208/52 95/207/52 93/206/52 90/205/52
f 96/212/53 91/211/53 89/210/53 94/209/53
f 94/216/54 89/215/54 90/214/54 93/213/54
f 95/220/55 92/219/55 91/218/55 96/217/55
o cube
v -0.07819634346198606 0.4762573320377272 -0.21211749800323337
v -0.09357700745100275 0.469071000188076 -0.27873847300213034
v -0.07547756172205765 0.3612657378857706 -0.2003411604892891
v -0.09085822571107433 0.3540794060361194 -0.26696213548818604
v -0.21537326554915714 0.469071000188076 -0.25061959120914723
v -0.19999260156014048 0.4762573320377272 -0.18399861621025027
v -0.21265448380922874 0.3540794060361194 -0.23884325369520296
v -0.19727381982021205 0.3612657378857706 -0.17222227869630602
vt 0.0625 0.71875
vt 0 0.71875
vt 0 0.65625
vt 0.0625 0.65625
vt 0.5 0.53125
vt 0.5625 0.53125
vt 0.5625 0.5625
vt 0.5 0.5625
vn -0.22371874893115185 -0.10452846326765343 -0.9690323636203194
vn -0.023513788021002575 0.9945218953682733 -0.10184940552600454
usemtl m_b30e1048-98e5-1e68-ef05-1b5dd5d2efba
f 100/224/56 103/223/56 101/222/56 98/221/56
f 102/228/57 97/227/57 98/226/57 101/225/57
o cube
v -0.07819634346198606 0.4762573320377272 -0.21211749800323337
v -0.07819634346198606 0.4762573320377272 -0.21211749800323337
v -0.07657977053554214 0.40788395173115843 -0.20511535137332057
v -0.07657977053554214 0.40788395173115843 -0.20511535137332057
v -0.19999260156014048 0.4762573320377272 -0.18399861621025027
v -0.19999260156014048 0.4762573320377272 -0.18399861621025027
v -0.19837602863369655 0.40788395173115843 -0.17699646958033746
v -0.19837602863369655 0.40788395173115843 -0.17699646958033746
vt 0.625 0.46875
vt 0.5625 0.46875
vt 0.5625 0.4375
vt 0.625 0.4375
vt 0 1
vt 0 1
vt 0 0.96875
vt 0 0.96875
vt 0.625 0.4375
vt 0.5625 0.4375
vt 0.5625 0.40625
vt 0.625 0.40625
vt 0 1
vt 0 1
vt 0 0.96875
vt 0 0.96875
vt 0 1
vt 0.0625 1
vt 0.0625 1
vt 0 1
vt 0 1
vt 0.0625 1
vt 0.0625 1
vt 0 1
vn -0.22371874893115185 -0.10452846326765343 -0.9690323636203194
vn 0.9743700647852352 3.469446951953614e-18 -0.22495105434386478
vn 0.22371874893115185 0.10452846326765343 0.9690323636203194
vn -0.9743700647852352 -3.469446951953614e-18 0.22495105434386478
vn -0.023513788021002575 0.9945218953682733 -0.10184940552600454
vn 0.023513788021002575 -0.9945218953682733 0.10184940552600454
usemtl m_b30e1048-98e5-1e68-ef05-1b5dd5d2efba
f 108/232/58 111/231/58 109/230/58 106/229/58
f 107/236/59 108/235/59 106/234/59 105/233/59
f 112/240/60 107/239/60 105/238/60 110/237/60
f 111/244/61 112/243/61 110/242/61 109/241/61
f 110/248/62 105/247/62 106/246/62 109/245/62
f 111/252/63 108/251/63 107/250/63 112/249/63
o cube
v -0.08326513259810389 0.47216949677156717 -0.22018092497508054
v -0.09375194895425162 0.46726972505589587 -0.26560431701978304
v -0.08025242850791293 0.3447463789275071 -0.20713146989206122
v -0.09073924486406068 0.3398466072118358 -0.2525548619367637
v -0.20945839414749823 0.46726972505589587 -0.2388913793164491
v -0.1989715777913505 0.47216949677156717 -0.19346798727174663
v -0.20644569005730729 0.3398466072118358 -0.22584192423342975
v -0.19595887370115955 0.3447463789275071 -0.18041853218872728
vt 0.3125 0.6875
vt 0.25 0.6875
vt 0.25 0.625
vt 0.3125 0.625
vt 0.625 0.71875
vt 0.59375 0.71875
vt 0.59375 0.65625
vt 0.625 0.65625
vt 0.375 0.6875
vt 0.3125 0.6875
vt 0.3125 0.625
vt 0.375 0.625
vt 0.625 0.78125
vt 0.59375 0.78125
vt 0.59375 0.71875
vt 0.625 0.71875
vt 0.59375 0.625
vt 0.65625 0.625
vt 0.65625 0.65625
vt 0.59375 0.65625
vt 0.375 0.40625
vt 0.4375 0.40625
vt 0.4375 0.375
vt 0.375 0.375
vn -0.22371874893115185 -0.10452846326765343 -0.9690323636203194
vn 0.9743700647852352 3.469446951953614e-18 -0.22495105434386478
vn 0.22371874893115185 0.10452846326765343 0.9690323636203194
vn -0.9743700647852352 -3.469446951953614e-18 0.22495105434386478
vn -0.023513788021002575 0.9945218953682733 -0.10184940552600454
vn 0.023513788021002575 -0.9945218953682733 0.10184940552600454
usemtl m_b30e1048-98e5-1e68-ef05-1b5dd5d2efba
f 116/256/64 119/255/64 117/254/64 114/253/64
f 115/260/65 116/259/65 114/258/65 113/257/65
f 120/264/66 115/263/66 113/262/66 118/261/66
f 119/268/67 120/267/67 118/266/67 117/265/67
f 118/272/68 113/271/68 114/270/68 117/269/68
f 119/276/69 116/275/69 115/274/69 120/273/69
o cube
v -0.08326513259810389 0.47216949677156717 -0.22018092497508054
v -0.09375194895425162 0.46726972505589587 -0.26560431701978304
v -0.08025242850791293 0.3447463789275071 -0.20713146989206122
v -0.09073924486406068 0.3398466072118358 -0.2525548619367637
v -0.20945839414749823 0.46726972505589587 -0.2388913793164491
v -0.1989715777913505 0.47216949677156717 -0.19346798727174663
v -0.20644569005730729 0.3398466072118358 -0.22584192423342975
v -0.19595887370115955 0.3447463789275071 -0.18041853218872728
vt 0.3125 0.6875
vt 0.25 0.6875
vt 0.25 0.625
vt 0.3125 0.625
vt 0.625 0.71875
vt 0.59375 0.71875
vt 0.59375 0.65625
vt 0.625 0.65625
vt 0.375 0.6875
vt 0.3125 0.6875
vt 0.3125 0.625
vt 0.375 0.625
vt 0.625 0.78125
vt 0.59375 0.78125
vt 0.59375 0.71875
vt 0.625 0.71875
vt 0.59375 0.625
vt 0.65625 0.625
vt 0.65625 0.65625
vt 0.59375 0.65625
vt 0.375 0.40625
vt 0.4375 0.40625
vt 0.4375 0.375
vt 0.375 0.375
vn -0.22371874893115185 -0.10452846326765343 -0.9690323636203194
vn 0.9743700647852352 3.469446951953614e-18 -0.22495105434386478
vn 0.22371874893115185 0.10452846326765343 0.9690323636203194
vn -0.9743700647852352 -3.469446951953614e-18 0.22495105434386478
vn -0.023513788021002575 0.9945218953682733 -0.10184940552600454
vn 0.023513788021002575 -0.9945218953682733 0.10184940552600454
usemtl m_b30e1048-98e5-1e68-ef05-1b5dd5d2efba
f 124/280/70 127/279/70 125/278/70 122/277/70
f 123/284/71 124/283/71 122/282/71 121/281/71
f 128/288/72 123/287/72 121/286/72 126/285/72
f 127/292/73 128/291/73 126/290/73 125/289/73
f 126/296/74 121/295/74 122/294/74 125/293/74
f 127/300/75 124/299/75 123/298/75 128/297/75
o cube
v -0.07819634346198606 0.4762573320377272 -0.21211749800323337
v -0.07819634346198606 0.4762573320377272 -0.21211749800323337
v -0.07657977053554214 0.40788395173115843 -0.20511535137332057
v -0.07657977053554214 0.40788395173115843 -0.20511535137332057
v -0.19999260156014048 0.4762573320377272 -0.18399861621025027
v -0.19999260156014048 0.4762573320377272 -0.18399861621025027
v -0.19837602863369655 0.40788395173115843 -0.17699646958033746
v -0.19837602863369655 0.40788395173115843 -0.17699646958033746
vt 0.625 0.46875
vt 0.5625 0.46875
vt 0.5625 0.4375
vt 0.625 0.4375
vt 0 1
vt 0 1
vt 0 0.96875
vt 0 0.96875
vt 0.625 0.4375
vt 0.5625 0.4375
vt 0.5625 0.40625
vt 0.625 0.40625
vt 0 1
vt 0 1
vt 0 0.96875
vt 0 0.96875
vt 0 1
vt 0.0625 1
vt 0.0625 1
vt 0 1
vt 0 1
vt 0.0625 1
vt 0.0625 1
vt 0 1
vn -0.22371874893115185 -0.10452846326765343 -0.9690323636203194
vn 0.9743700647852352 3.469446951953614e-18 -0.22495105434386478
vn 0.22371874893115185 0.10452846326765343 0.9690323636203194
vn -0.9743700647852352 -3.469446951953614e-18 0.22495105434386478
vn -0.023513788021002575 0.9945218953682733 -0.10184940552600454
vn 0.023513788021002575 -0.9945218953682733 0.10184940552600454
usemtl m_b30e1048-98e5-1e68-ef05-1b5dd5d2efba
f 132/304/76 135/303/76 133/302/76 130/301/76
f 131/308/77 132/307/77 130/306/77 129/305/77
f 136/312/78 131/311/78 129/310/78 134/309/78
f 135/316/79 136/315/79 134/314/79 133/313/79
f 134/320/80 129/319/80 130/318/80 133/317/80
f 135/324/81 132/323/81 131/322/81 136/321/81
o cube
v -0.07819634346198606 0.4762573320377272 -0.21211749800323337
v -0.09357700745100275 0.469071000188076 -0.27873847300213034
v -0.07547756172205765 0.3612657378857706 -0.2003411604892891
v -0.09085822571107433 0.3540794060361194 -0.26696213548818604
v -0.21537326554915714 0.469071000188076 -0.25061959120914723
v -0.19999260156014048 0.4762573320377272 -0.18399861621025027
v -0.21265448380922874 0.3540794060361194 -0.23884325369520296
v -0.19727381982021205 0.3612657378857706 -0.17222227869630602
vt 0.0625 0.71875
vt 0 0.71875
vt 0 0.65625
vt 0.0625 0.65625
vt 0.5 0.53125
vt 0.5625 0.53125
vt 0.5625 0.5625
vt 0.5 0.5625
vn -0.22371874893115185 -0.10452846326765343 -0.9690323636203194
vn -0.023513788021002575 0.9945218953682733 -0.10184940552600454
usemtl m_b30e1048-98e5-1e68-ef05-1b5dd5d2efba
f 140/328/82 143/327/82 141/326/82 138/325/82
f 142/332/83 137/331/83 138/330/83 141/329/83
o cube
v -0.10739412698083622 0.4831263967792017 -0.1996678840668981
v -0.12557127533149232 0.47463345913870486 -0.27840176361104907
v -0.10430794230307963 0.35259539801211587 -0.18630014959161
v -0.12248509065373574 0.344102460371619 -0.265034029135761
v -0.18646940438056953 0.47463345913870486 -0.26434232271455754
v -0.16829225602991343 0.4831263967792017 -0.18560844317040653
v -0.18338321970281293 0.344102460371619 -0.25097458823926944
v -0.16520607135215684 0.35259539801211587 -0.17224070869511846
vt 0.34375 0.4375
vt 0.3125 0.4375
vt 0.3125 0.375
vt 0.34375 0.375
vt 0.59375 0.6875
vt 0.5625 0.6875
vt 0.5625 0.625
vt 0.59375 0.625
vt 0.625 0.578125
vt 0.65625 0.578125
vt 0.65625 0.625
vt 0.625 0.625
vt 0.625 0.5625
vt 0.65625 0.5625
vt 0.65625 0.515625
vt 0.625 0.515625
vn -0.22371874893115185 -0.10452846326765343 -0.9690323636203194
vn 0.22371874893115185 0.10452846326765343 0.9690323636203194
vn -0.023513788021002575 0.9945218953682733 -0.10184940552600454
vn 0.023513788021002575 -0.9945218953682733 0.10184940552600454
usemtl m_b30e1048-98e5-1e68-ef05-1b5dd5d2efba
f 148/336/84 151/335/84 149/334/84 146/333/84
f 152/340/85 147/339/85 145/338/85 150/337/85
f 150/344/86 145/343/86 146/342/86 149/341/86
f 151/348/87 148/347/87 147/346/87 152/345/87
o cube
v -0.07657977053554214 0.40788395173115843 -0.20511535137332057
v -0.09056219234373913 0.4013509227769301 -0.26567987409959054
v -0.07217093528160416 0.22141109634960715 -0.18601858783719472
v -0.08615335708980115 0.21487806739537882 -0.24658311056346469
v -0.21235845044189355 0.4013509227769301 -0.23756099230660743
v -0.19837602863369655 0.40788395173115843 -0.17699646958033746
v -0.20794961518795557 0.21487806739537882 -0.21846422877048158
v -0.19396719337975857 0.22141109634960715 -0.1578997060442116
vt 0.0625 0.8125
vt 0 0.8125
vt 0 0.71875
vt 0.0625 0.71875
vt 0.34375 0.53125
vt 0.3125 0.53125
vt 0.3125 0.4375
vt 0.34375 0.4375
vt 0.25 1
vt 0.1875 1
vt 0.1875 0.90625
vt 0.25 0.90625
vt 0.3125 0.53125
vt 0.28125 0.53125
vt 0.28125 0.4375
vt 0.3125 0.4375
vt 0.5 0.59375
vt 0.5625 0.59375
vt 0.5625 0.5625
vt 0.5 0.5625
vn -0.22371874893115185 -0.10452846326765343 -0.9690323636203194
vn 0.9743700647852352 3.469446951953614e-18 -0.22495105434386478
vn 0.22371874893115185 0.10452846326765343 0.9690323636203194
vn -0.9743700647852352 -3.469446951953614e-18 0.22495105434386478
vn 0.023513788021002575 -0.9945218953682733 0.10184940552600454
usemtl m_b30e1048-98e5-1e68-ef05-1b5dd5d2efba
f 156/352/88 159/351/88 157/350/88 154/349/88
f 155/356/89 156/355/89 154/354/89 153/353/89
f 160/360/90 155/359/90 153/358/90 158/357/90
f 159/364/91 160/363/91 158/362/91 157/361/91
f 159/368/92 156/367/92 155/366/92 160/365/92
o cube
v 0.05863504328637298 0.4092730513533364 -0.19059052529171286
v 0.058708922691709194 0.4030966349961077 -0.25278454769592484
v 0.06306945168637151 0.22274355976175148 -0.1720612298726506
v 0.06314333109170772 0.21656714340452282 -0.2342552522768626
v -0.06625602688063775 0.4001402336232459 -0.25263939500621896
v -0.06632990628597396 0.40631664998047456 -0.19044537260200692
v -0.06182161848063921 0.21361074203166103 -0.23411009958715667
v -0.061895497885975426 0.21978715838888968 -0.17191607718294466
vt 0.0625 0.8125
vt 0 0.8125
vt 0 0.71875
vt 0.0625 0.71875
vt 0.34375 0.53125
vt 0.3125 0.53125
vt 0.3125 0.4375
vt 0.34375 0.4375
vt 0.25 1
vt 0.1875 1
vt 0.1875 0.90625
vt 0.25 0.90625
vt 0.3125 0.53125
vt 0.28125 0.53125
vt 0.28125 0.4375
vt 0.3125 0.4375
vt 0.5 0.59375
vt 0.5625 0.59375
vt 0.5625 0.5625
vt 0.5 0.5625
vn 0.0011820704853794217 -0.09882266171565861 -0.9951043584673923
vn 0.9997195965787755 0.023651210982894435 -0.0011612215176474052
vn -0.0011820704853794217 0.09882266171565861 0.9951043584673923
vn -0.9997195965787755 -0.023651210982894435 0.0011612215176474052
vn 0.023650178133325518 -0.9948239551551196 0.09882290890166538
usemtl m_b30e1048-98e5-1e68-ef05-1b5dd5d2efba
f 164/372/93 167/371/93 165/370/93 162/369/93
f 163/376/94 164/375/94 162/374/94 161/373/94
f 168/380/95 163/379/95 161/378/95 166/377/95
f 167/384/96 168/383/96 166/382/96 165/381/96
f 167/388/97 164/387/97 163/386/97 168/385/97
o cube
v 0.025612654592753206 0.48376338928247775 -0.19174655304649002
v 0.025708697819690287 0.47573404801808045 -0.2725987821719657
v 0.028716740472752182 0.3531927451683683 -0.17877604625314644
v 0.02881278369968926 0.34516340390397104 -0.2596282753786221
v -0.03677377696648318 0.47425584733164955 -0.27252620582711273
v -0.03686982019342026 0.48228518859604685 -0.19167397670163708
v -0.03366969108648421 0.34368520321754015 -0.2595556990337692
v -0.03376573431342129 0.3517145444819374 -0.1787034699082935
vt 0.34375 0.4375
vt 0.3125 0.4375
vt 0.3125 0.375
vt 0.34375 0.375
vt 0.59375 0.6875
vt 0.5625 0.6875
vt 0.5625 0.625
vt 0.59375 0.625
vt 0.625 0.578125
vt 0.65625 0.578125
vt 0.65625 0.625
vt 0.625 0.625
vt 0.625 0.5625
vt 0.65625 0.5625
vt 0.65625 0.515625
vt 0.625 0.515625
vn 0.0011820704853794217 -0.09882266171565861 -0.9951043584673923
vn -0.0011820704853794217 0.09882266171565861 0.9951043584673923
vn -0.023650178133325518 0.9948239551551196 -0.09882290890166538
vn 0.023650178133325518 -0.9948239551551196 0.09882290890166538
usemtl m_b30e1048-98e5-1e68-ef05-1b5dd5d2efba
f 172/392/98 175/391/98 173/390/98 170/389/98
f 176/396/99 171/395/99 169/394/99 174/393/99
f 174/400/100 169/399/100 170/398/100 173/397/100
f 175/404/101 172/403/101 171/402/101 176/401/101
o cube
v 0.05700909353970685 0.47766719827025084 -0.19738460027870233
v 0.05709036088557669 0.4708731402772993 -0.26579802492333554
v 0.05974364538637261 0.3626406784554402 -0.18595820143694727
v 0.05982491273224244 0.35584662046248866 -0.2543716260815805
v -0.06787458868677027 0.4679167389044375 -0.2656528722336296
v -0.0679558560326401 0.47471079689738904 -0.19723944758899642
v -0.0651400368401045 0.3528902190896268 -0.25422647339187454
v -0.06522130418597433 0.3596842770825784 -0.18581304874724136
vt 0.0625 0.71875
vt 0 0.71875
vt 0 0.65625
vt 0.0625 0.65625
vt 0.5 0.53125
vt 0.5625 0.53125
vt 0.5625 0.5625
vt 0.5 0.5625
vn 0.0011820704853794217 -0.09882266171565861 -0.9951043584673923
vn -0.023650178133325518 0.9948239551551196 -0.09882290890166538
usemtl m_b30e1048-98e5-1e68-ef05-1b5dd5d2efba
f 180/408/102 183/407/102 181/406/102 178/405/102
f 182/412/103 177/411/103 178/410/103 181/409/103
o cube
v 0.05700909353970685 0.47766719827025084 -0.19738460027870233
v 0.05700909353970685 0.47766719827025084 -0.19738460027870233
v 0.05863504328637298 0.4092730513533364 -0.19059052529171286
v 0.05863504328637298 0.4092730513533364 -0.19059052529171286
v -0.0679558560326401 0.47471079689738904 -0.19723944758899642
v -0.0679558560326401 0.47471079689738904 -0.19723944758899642
v -0.06632990628597396 0.40631664998047456 -0.19044537260200692
v -0.06632990628597396 0.40631664998047456 -0.19044537260200692
vt 0.625 0.46875
vt 0.5625 0.46875
vt 0.5625 0.4375
vt 0.625 0.4375
vt 0 1
vt 0 1
vt 0 0.96875
vt 0 0.96875
vt 0.625 0.4375
vt 0.5625 0.4375
vt 0.5625 0.40625
vt 0.625 0.40625
vt 0 1
vt 0 1
vt 0 0.96875
vt 0 0.96875
vt 0 1
vt 0.0625 1
vt 0.0625 1
vt 0 1
vt 0 1
vt 0.0625 1
vt 0.0625 1
vt 0 1
vn 0.0011820704853794217 -0.09882266171565861 -0.9951043584673923
vn 0.9997195965787755 0.023651210982894435 -0.0011612215176474052
vn -0.0011820704853794217 0.09882266171565861 0.9951043584673923
vn -0.9997195965787755 -0.023651210982894435 0.0011612215176474052
vn -0.023650178133325518 0.9948239551551196 -0.09882290890166538
vn 0.023650178133325518 -0.9948239551551196 0.09882290890166538
usemtl m_b30e1048-98e5-1e68-ef05-1b5dd5d2efba
f 188/416/104 191/415/104 189/414/104 186/413/104
f 187/420/105 188/419/105 186/418/105 185/417/105
f 192/424/106 187/423/106 185/422/106 190/421/106
f 191/428/107 192/427/107 190/426/107 189/425/107
f 190/432/108 185/431/108 186/430/108 189/429/108
f 191/436/109 188/435/109 187/434/109 192/433/109
o cube
v 0.0539699585178652 0.4735580009224853 -0.20640125323177383
v 0.05402536807186736 0.4689256886545638 -0.2530467700349328
v 0.057000137591197535 0.3460961816682356 -0.19373956802874795
v 0.0570555471451997 0.3414638694003141 -0.24038508483190696
v -0.06469133402186214 0.46611710735034506 -0.2529088749797122
v -0.0647467435758643 0.4707494196182666 -0.2062633581765532
v -0.061661154948529806 0.33865528809609535 -0.24024718977668633
v -0.06171656450253197 0.34328760036401684 -0.19360167297352732
vt 0.3125 0.6875
vt 0.25 0.6875
vt 0.25 0.625
vt 0.3125 0.625
vt 0.625 0.71875
vt 0.59375 0.71875
vt 0.59375 0.65625
vt 0.625 0.65625
vt 0.375 0.6875
vt 0.3125 0.6875
vt 0.3125 0.625
vt 0.375 0.625
vt 0.625 0.78125
vt 0.59375 0.78125
vt 0.59375 0.71875
vt 0.625 0.71875
vt 0.59375 0.625
vt 0.65625 0.625
vt 0.65625 0.65625
vt 0.59375 0.65625
vt 0.375 0.40625
vt 0.4375 0.40625
vt 0.4375 0.375
vt 0.375 0.375
vn 0.0011820704853794217 -0.09882266171565861 -0.9951043584673923
vn 0.9997195965787755 0.023651210982894435 -0.0011612215176474052
vn -0.0011820704853794217 0.09882266171565861 0.9951043584673923
vn -0.9997195965787755 -0.023651210982894435 0.0011612215176474052
vn -0.023650178133325518 0.9948239551551196 -0.09882290890166538
vn 0.023650178133325518 -0.9948239551551196 0.09882290890166538
usemtl m_b30e1048-98e5-1e68-ef05-1b5dd5d2efba
f 196/440/110 199/439/110 197/438/110 194/437/110
f 195/444/111 196/443/111 194/442/111 193/441/111
f 200/448/112 195/447/112 193/446/112 198/445/112
f 199/452/113 200/451/113 198/450/113 197/449/113
f 198/456/114 193/455/114 194/454/114 197/453/114
f 199/460/115 196/459/115 195/458/115 200/457/115
o cube
v 0.0539699585178652 0.4735580009224853 -0.20640125323177383
v 0.05402536807186736 0.4689256886545638 -0.2530467700349328
v 0.057000137591197535 0.3460961816682356 -0.19373956802874795
v 0.0570555471451997 0.3414638694003141 -0.24038508483190696
v -0.06469133402186214 0.46611710735034506 -0.2529088749797122
v -0.0647467435758643 0.4707494196182666 -0.2062633581765532
v -0.061661154948529806 0.33865528809609535 -0.24024718977668633
v -0.06171656450253197 0.34328760036401684 -0.19360167297352732
vt 0.3125 0.6875
vt 0.25 0.6875
vt 0.25 0.625
vt 0.3125 0.625
vt 0.625 0.71875
vt 0.59375 0.71875
vt 0.59375 0.65625
vt 0.625 0.65625
vt 0.375 0.6875
vt 0.3125 0.6875
vt 0.3125 0.625
vt 0.375 0.625
vt 0.625 0.78125
vt 0.59375 0.78125
vt 0.59375 0.71875
vt 0.625 0.71875
vt 0.59375 0.625
vt 0.65625 0.625
vt 0.65625 0.65625
vt 0.59375 0.65625
vt 0.375 0.40625
vt 0.4375 0.40625
vt 0.4375 0.375
vt 0.375 0.375
vn 0.0011820704853794217 -0.09882266171565861 -0.9951043584673923
vn 0.9997195965787755 0.023651210982894435 -0.0011612215176474052
vn -0.0011820704853794217 0.09882266171565861 0.9951043584673923
vn -0.9997195965787755 -0.023651210982894435 0.0011612215176474052
vn -0.023650178133325518 0.9948239551551196 -0.09882290890166538
vn 0.023650178133325518 -0.9948239551551196 0.09882290890166538
usemtl m_b30e1048-98e5-1e68-ef05-1b5dd5d2efba
f 204/464/116 207/463/116 205/462/116 202/461/116
f 203/468/117 204/467/117 202/466/117 201/465/117
f 208/472/118 203/471/118 201/470/118 206/469/118
f 207/476/119 208/475/119 206/474/119 205/473/119
f 206/480/120 201/479/120 202/478/120 205/477/120
f 207/484/121 204/483/121 203/482/121 208/481/121
o cube
v 0.05700909353970685 0.47766719827025084 -0.19738460027870233
v 0.05700909353970685 0.47766719827025084 -0.19738460027870233
v 0.05863504328637298 0.4092730513533364 -0.19059052529171286
v 0.05863504328637298 0.4092730513533364 -0.19059052529171286
v -0.0679558560326401 0.47471079689738904 -0.19723944758899642
v -0.0679558560326401 0.47471079689738904 -0.19723944758899642
v -0.06632990628597396 0.40631664998047456 -0.19044537260200692
v -0.06632990628597396 0.40631664998047456 -0.19044537260200692
vt 0.625 0.46875
vt 0.5625 0.46875
vt 0.5625 0.4375
vt 0.625 0.4375
vt 0 1
vt 0 1
vt 0 0.96875
vt 0 0.96875
vt 0.625 0.4375
vt 0.5625 0.4375
vt 0.5625 0.40625
vt 0.625 0.40625
vt 0 1
vt 0 1
vt 0 0.96875
vt 0 0.96875
vt 0 1
vt 0.0625 1
vt 0.0625 1
vt 0 1
vt 0 1
vt 0.0625 1
vt 0.0625 1
vt 0 1
vn 0.0011820704853794217 -0.09882266171565861 -0.9951043584673923
vn 0.9997195965787755 0.023651210982894435 -0.0011612215176474052
vn -0.0011820704853794217 0.09882266171565861 0.9951043584673923
vn -0.9997195965787755 -0.023651210982894435 0.0011612215176474052
vn -0.023650178133325518 0.9948239551551196 -0.09882290890166538
vn 0.023650178133325518 -0.9948239551551196 0.09882290890166538
usemtl m_b30e1048-98e5-1e68-ef05-1b5dd5d2efba
f 212/488/122 215/487/122 213/486/122 210/485/122
f 211/492/123 212/491/123 210/490/123 209/489/123
f 216/496/124 211/495/124 209/494/124 214/493/124
f 215/500/125 216/499/125 214/498/125 213/497/125
f 214/504/126 209/503/126 210/502/126 213/501/126
f 215/508/127 212/507/127 211/506/127 216/505/127
o cube
v 0.05700909353970685 0.47766719827025084 -0.19738460027870233
v 0.05709036088557669 0.4708731402772993 -0.26579802492333554
v 0.05974364538637261 0.3626406784554402 -0.18595820143694727
v 0.05982491273224244 0.35584662046248866 -0.2543716260815805
v -0.06787458868677027 0.4679167389044375 -0.2656528722336296
v -0.0679558560326401 0.47471079689738904 -0.19723944758899642
v -0.0651400368401045 0.3528902190896268 -0.25422647339187454
v -0.06522130418597433 0.3596842770825784 -0.18581304874724136
vt 0.0625 0.71875
vt 0 0.71875
vt 0 0.65625
vt 0.0625 0.65625
vt 0.5 0.53125
vt 0.5625 0.53125
vt 0.5625 0.5625
vt 0.5 0.5625
vn 0.0011820704853794217 -0.09882266171565861 -0.9951043584673923
vn -0.023650178133325518 0.9948239551551196 -0.09882290890166538
usemtl m_b30e1048-98e5-1e68-ef05-1b5dd5d2efba
f 220/512/128 223/511/128 221/510/128 218/509/128
f 222/516/129 217/515/129 218/514/129 221/513/129
o cube
v 0.025612654592753206 0.48376338928247775 -0.19174655304649002
v 0.025708697819690287 0.47573404801808045 -0.2725987821719657
v 0.028716740472752182 0.3531927451683683 -0.17877604625314644
v 0.02881278369968926 0.34516340390397104 -0.2596282753786221
v -0.03677377696648318 0.47425584733164955 -0.27252620582711273
v -0.03686982019342026 0.48228518859604685 -0.19167397670163708
v -0.03366969108648421 0.34368520321754015 -0.2595556990337692
v -0.03376573431342129 0.3517145444819374 -0.1787034699082935
vt 0.34375 0.4375
vt 0.3125 0.4375
vt 0.3125 0.375
vt 0.34375 0.375
vt 0.59375 0.6875
vt 0.5625 0.6875
vt 0.5625 0.625
vt 0.59375 0.625
vt 0.625 0.578125
vt 0.65625 0.578125
vt 0.65625 0.625
vt 0.625 0.625
vt 0.625 0.5625
vt 0.65625 0.5625
vt 0.65625 0.515625
vt 0.625 0.515625
vn 0.0011820704853794217 -0.09882266171565861 -0.9951043584673923
vn -0.0011820704853794217 0.09882266171565861 0.9951043584673923
vn -0.023650178133325518 0.9948239551551196 -0.09882290890166538
vn 0.023650178133325518 -0.9948239551551196 0.09882290890166538
usemtl m_b30e1048-98e5-1e68-ef05-1b5dd5d2efba
f 228/520/130 231/519/130 229/518/130 226/517/130
f 232/524/131 227/523/131 225/522/131 230/521/131
f 230/528/132 225/527/132 226/526/132 229/525/132
f 231/532/133 228/531/133 227/530/133 232/529/133
o cube
v 0.05863504328637298 0.4092730513533364 -0.19059052529171286
v 0.058708922691709194 0.4030966349961077 -0.25278454769592484
v 0.06306945168637151 0.22274355976175148 -0.1720612298726506
v 0.06314333109170772 0.21656714340452282 -0.2342552522768626
v -0.06625602688063775 0.4001402336232459 -0.25263939500621896
v -0.06632990628597396 0.40631664998047456 -0.19044537260200692
v -0.06182161848063921 0.21361074203166103 -0.23411009958715667
v -0.061895497885975426 0.21978715838888968 -0.17191607718294466
vt 0.0625 0.8125
vt 0 0.8125
vt 0 0.71875
vt 0.0625 0.71875
vt 0.34375 0.53125
vt 0.3125 0.53125
vt 0.3125 0.4375
vt 0.34375 0.4375
vt 0.25 1
vt 0.1875 1
vt 0.1875 0.90625
vt 0.25 0.90625
vt 0.3125 0.53125
vt 0.28125 0.53125
vt 0.28125 0.4375
vt 0.3125 0.4375
vt 0.5 0.59375
vt 0.5625 0.59375
vt 0.5625 0.5625
vt 0.5 0.5625
vn 0.0011820704853794217 -0.09882266171565861 -0.9951043584673923
vn 0.9997195965787755 0.023651210982894435 -0.0011612215176474052
vn -0.0011820704853794217 0.09882266171565861 0.9951043584673923
vn -0.9997195965787755 -0.023651210982894435 0.0011612215176474052
vn 0.023650178133325518 -0.9948239551551196 0.09882290890166538
