# Made in Blockbench 5.0.7
mtllib helmet_glasses.mtl

o cube
v -0.00003542089130305348 0.22451918116552855 -0.2701472082049786
v 0.0008485129619964088 0.22451918116552852 -0.31650732680006843
v -0.00009045498344327496 0.1933120082044481 -0.2699054661151919
v -0.0007690211301437933 0.1933120082044481 -0.3162655847102817
v -0.0541445045550845 0.22697242911441654 -0.26322813741738277
v -0.061073070701785 0.22697242911441654 -0.30958825601247264
v -0.055762038647224704 0.1957652561533361 -0.2629863953275961
v -0.0626906047939252 0.1957652561533361 -0.3093465139226859
vt 0.78125 0.921875
vt 0.78125 0.9375
vt 0.75 0.9373
vt 0.75 0.921715625
vt 0.03125 0.3125
vt 0.03125 0.34375
vt 0 0.34375
vt 0 0.3125
vt 0.746951415649928 0.9770104497909526
vt 0.7499647673082879 1
vt 0.7187852326917121 1
vt 0.7196546315299316 0.9765807417831878
vt 0.7144565333978545 0.8749223494478846
vt 0.6914105412150376 0.8724059155381538
vt 0.6914105412150376 0.8443295010799626
vt 0.7148394587849624 0.84375
vt 0.7796630182362542 0.7969102901534955
vt 0.7790039916492145 0.8125
vt 0.7517032359863098 0.8125
vt 0.7515869817637458 0.7968754324874019
vt 0.625 0.34362036317373834
vt 0.65625 0.3438223936973086
vt 0.65625 0.375
vt 0.625 0.37479796947642974
vn 0.9984860357872958 -0.051606179225034965 0.01903782034700519
vn -0.9876604514940042 0.052335956242943835 0.14760684346871059
vn 0.0396719443287997 0.9992124722366393 0.0007564125304489416
vn -0.043943913424141855 -0.9990337926046714 0.0006432005117070501
vn 0.12716903513399963 0.007458989895924479 0.9918530132901853
vn -0.11112378558330743 -0.0019385898599460966 -0.9938046820915015
usemtl m_e6e68517-871a-290f-5fac-3d7253d6bcf1
f 4/1/1 2/2/1 1/3/1 3/4/1
f 7/5/2 5/6/2 6/7/2 8/8/2
f 1/9/3 2/10/3 6/11/3 5/12/3
f 4/13/4 3/14/4 7/15/4 8/16/4
f 3/17/5 1/18/5 5/19/5 7/20/5
f 8/21/6 6/22/6 2/23/6 4/24/6
o cube
v 0.0541445045550845 0.22697242911441654 -0.26322813741738277
v 0.061073070701785 0.22697242911441654 -0.30958825601247264
v 0.055762038647224704 0.1957652561533361 -0.2629863953275961
v 0.0626906047939252 0.1957652561533361 -0.3093465139226859
v 0.00003542089130305348 0.22451918116552855 -0.2701472082049786
v 0.0007139870380035995 0.22451918116552852 -0.31650732680006843
v 0.00009045498344328884 0.1933120082044481 -0.2699054661151919
v -0.0007690211301437933 0.1933120082044481 -0.3162655847102817
vt 0.6875 0.71875
vt 0.6875 0.75
vt 0.65625 0.75
vt 0.65625 0.71875
vt 0.71875 0.7266963059132387
vt 0.75 0.7268181804464684
vt 0.75 0.75
vt 0.71875 0.7498687506971045
vt 0.6916953125 0.90625
vt 0.7151328125 0.90625
vt 0.7140921875 0.9375
vt 0.6911171875 0.9344125
vt 0.632468884978142 0.4375
vt 0.6330479916883234 0.40625
vt 0.6611253137761757 0.40625
vt 0.6644061150218581 0.43702022626386516
vt 0.0625 0.2844239635274918
vt 0.09375 0.28454021775005567
vt 0.09375 0.31184097341296046
vt 0.06253485766609357 0.3125
vt 0.101907744706307 0.23443150418850656
vt 0.10055732678668546 0.24999574525442403
vt 0.07015512815499725 0.24999574525442403
vt 0.069967255293693 0.234375
vn 0.9876604514940042 0.052335956242943835 0.14760684346871059
vn -0.9998911377176666 -0.0018766858127462693 -0.014635257566251059
vn -0.039927063211804704 0.9991847791417452 -0.005967139577934135
vn 0.043221519852376385 -0.9990446311796441 0.006459499421768858
vn -0.12688912538344999 0.0011068106189622761 0.9919162892248906
vn 0.11440295036105566 -0.013131418355601231 -0.9933476384431867
usemtl m_e6e68517-871a-290f-5fac-3d7253d6bcf1
f 12/25/7 10/26/7 9/27/7 11/28/7
f 15/29/8 13/30/8 14/31/8 16/32/8
f 9/33/9 10/34/9 14/35/9 13/36/9
f 12/37/10 11/38/10 15/39/10 16/40/10
f 11/41/11 9/42/11 13/43/11 15/44/11
f 16/45/12 14/46/12 10/47/12 12/48/12
o cube
v -0.040329844092630907 0.1949475068370401 -0.2652927522567947
v -0.0472584102393314 0.1949475068370401 -0.3116528708518846
v -0.04194737818477112 0.16374033387595965 -0.265051010167008
v -0.04887594433147161 0.16374033387595965 -0.31141112876209787
v -0.20158035578526956 0.20312500000000006 -0.28858930155989854
v -0.19465178963856905 0.20312500000000006 -0.2422291829648087
v -0.20319788987740978 0.1719178270389196 -0.2883475594701118
v -0.19626932373070927 0.1719178270389196 -0.241987440875022
vt 0.46875 1
vt 0.546875 1
vt 0.546875 0.984375
vt 0.46875 0.984375
vt 0.75 0.6875
vt 0.765625 0.6875
vt 0.765625 0.671875
vt 0.75 0.671875
vt 0.5 0.9375
vt 0.578125 0.9375
vt 0.578125 0.921875
vt 0.5 0.921875
vt 0.75 0.625
vt 0.765625 0.625
vt 0.765625 0.609375
vt 0.75 0.609375
vt 0.578125 0.859375
vt 0.5 0.859375
vt 0.5 0.875
vt 0.578125 0.875
vt 0.578125 0.8125
vt 0.5 0.8125
vt 0.5 0.796875
vt 0.578125 0.796875
vn -0.14780941112961057 -2.168404344971009e-17 -0.9890158633619168
vn 0.9876604514940042 -0.05233595624294383 -0.14760684346871056
vn 0.14780941112961057 2.168404344971009e-17 0.9890158633619168
vn -0.9876604514940042 0.05233595624294383 0.14760684346871056
vn 0.05176109094848661 0.9986295347545739 -0.007735746873174621
vn -0.05176109094848661 -0.9986295347545739 0.007735746873174621
usemtl m_e6e68517-871a-290f-5fac-3d7253d6bcf1
f 20/52/13 23/51/13 21/50/13 18/49/13
f 19/56/14 20/55/14 18/54/14 17/53/14
f 24/60/15 19/59/15 17/58/15 22/57/15
f 23/64/16 24/63/16 22/62/16 21/61/16
f 22/68/17 17/67/17 18/66/17 21/65/17
f 23/72/18 20/71/18 19/70/18 24/69/18
o cube
v -0.19465178963856905 0.328125 -0.24222918296480866
v -0.20158035578526956 0.328125 -0.28858930155989854
v -0.19465178963856905 0.17187499999999997 -0.24222918296480866
v -0.20158035578526956 0.17187499999999997 -0.28858930155989854
v -0.23248710151532945 0.328125 -0.2839702574620982
v -0.22555853536862897 0.328125 -0.23761013886700832
v -0.23248710151532945 0.17187499999999997 -0.2839702574620982
v -0.22555853536862897 0.17187499999999997 -0.23761013886700832
vt 0.5 0.5625
vt 0.515625 0.5625
vt 0.515625 0.484375
vt 0.5 0.484375
vt 0 0.46875
vt 0.015625 0.46875
vt 0.015625 0.390625
vt 0 0.390625
vt 0.53125 0.75
vt 0.546875 0.75
vt 0.546875 0.671875
vt 0.53125 0.671875
vt 0.0625 0.4375
vt 0.078125 0.4375
vt 0.078125 0.359375
vt 0.0625 0.359375
vt 0.765625 0.546875
vt 0.75 0.546875
vt 0.75 0.5625
vt 0.765625 0.5625
vt 0.765625 0.375
vt 0.75 0.375
vt 0.75 0.359375
vt 0.765625 0.359375
vn -0.14780941112961063 0 -0.9890158633619168
vn 0.9890158633619168 0 -0.14780941112961063
vn 0.14780941112961063 0 0.9890158633619168
vn -0.9890158633619168 0 0.14780941112961063
vn 0 1 0
vn 0 -1 0
usemtl m_e6e68517-871a-290f-5fac-3d7253d6bcf1
f 28/76/19 31/75/19 29/74/19 26/73/19
f 27/80/20 28/79/20 26/78/20 25/77/20
f 32/84/21 27/83/21 25/82/21 30/81/21
f 31/88/22 32/87/22 30/86/22 29/85/22
f 30/92/23 25/91/23 26/90/23 29/89/23
f 31/96/24 28/95/24 27/94/24 32/93/24
o cube
v -0.05631865085398803 0.30312500000000003 -0.2977988088195602
v -0.05631865085398803 0.30312500000000003 -0.2977988088195602
v -0.05631865085398803 0.190625 -0.2977988088195602
v -0.05631865085398803 0.190625 -0.2977988088195602
v -0.20158035578526956 0.30312500000000003 -0.2760893015598987
v -0.20158035578526956 0.30312500000000003 -0.2760893015598987
v -0.20158035578526956 0.190625 -0.2760893015598987
v -0.20158035578526956 0.190625 -0.2760893015598987
vt 0 1
vt 0.078125 1
vt 0.078125 0.9375
vt 0 0.9375
vt 0.5 0.75
vt 0.5 0.75
vt 0.5 0.6875
vt 0.5 0.6875
vt 0.46875 0.21875
vt 0.46875 0.21875
vt 0.46875 0.15625
vt 0.46875 0.15625
vt 0.828125 0.5
vt 0.75 0.5
vt 0.75 0.5
vt 0.828125 0.5
vt 0.578125 0.21875
vt 0.5 0.21875
vt 0.5 0.21875
vt 0.578125 0.21875
vn -0.14780941112961063 0 -0.9890158633619168
vn 0.9890158633619168 0 -0.14780941112961063
vn -0.9890158633619168 0 0.14780941112961063
vn 0 1 0
vn 0 -1 0
usemtl m_e6e68517-871a-290f-5fac-3d7253d6bcf1
f 36/100/25 39/99/25 37/98/25 34/97/25
f 35/104/26 36/103/26 34/102/26 33/101/26
f 39/108/27 40/107/27 38/106/27 37/105/27
f 38/112/28 33/111/28 34/110/28 37/109/28
f 39/116/29 36/115/29 35/114/29 40/113/29
o cube
v -0.055571433853299504 0.32812500000000006 -0.26301488140491014
v -0.0625 0.32812500000000006 -0.309375
v -0.055571433853299504 0.29687500000000006 -0.26301488140491014
v -0.0625 0.29687500000000006 -0.309375
v -0.20158035578526956 0.32812500000000006 -0.28858930155989854
v -0.19465178963856905 0.32812500000000006 -0.24222918296480866
v -0.20158035578526956 0.29687500000000006 -0.28858930155989854
v -0.19465178963856905 0.29687500000000006 -0.24222918296480866
vt 0.53125 0.625
vt 0.609375 0.625
vt 0.609375 0.609375
vt 0.53125 0.609375
vt 0.75 0.3125
vt 0.765625 0.3125
vt 0.765625 0.296875
vt 0.75 0.296875
vt 0.125 0.4375
vt 0.203125 0.4375
vt 0.203125 0.421875
vt 0.125 0.421875
vt 0.75 0.25
vt 0.765625 0.25
vt 0.765625 0.234375
vt 0.75 0.234375
vt 0.328125 0.421875
vt 0.25 0.421875
vt 0.25 0.4375
vt 0.328125 0.4375
vt 0.453125 0.4375
vt 0.375 0.4375
vt 0.375 0.421875
vt 0.453125 0.421875
vn -0.14780941112961063 0 -0.9890158633619168
vn 0.9890158633619168 0 -0.14780941112961063
vn 0.14780941112961063 0 0.9890158633619168
vn -0.9890158633619168 0 0.14780941112961063
vn 0 1 0
vn 0 -1 0
usemtl m_e6e68517-871a-290f-5fac-3d7253d6bcf1
f 44/120/30 47/119/30 45/118/30 42/117/30
f 43/124/31 44/123/31 42/122/31 41/121/31
f 48/128/32 43/127/32 41/126/32 46/125/32
f 47/132/33 48/131/33 46/130/33 45/129/33
f 46/136/34 41/135/34 42/134/34 45/133/34
f 47/140/35 44/139/35 43/138/35 48/137/35
o cube
v 0.0625 0.32812500000000006 -0.26249999999999996
v 0.0625 0.32812500000000006 -0.30937499999999996
v 0.0625 0.29687500000000006 -0.26249999999999996
v 0.0625 0.29687500000000006 -0.30937499999999996
v -0.0625 0.32812500000000006 -0.30937499999999996
v -0.0625 0.32812500000000006 -0.26249999999999996
v -0.0625 0.29687500000000006 -0.30937499999999996
v -0.0625 0.29687500000000006 -0.26249999999999996
vt 0.65625 0.6875
vt 0.71875 0.6875
vt 0.71875 0.671875
vt 0.65625 0.671875
vt 0.75 0.875
vt 0.78125 0.875
vt 0.78125 0.859375
vt 0.75 0.859375
vt 0.65625 0.625
vt 0.71875 0.625
vt 0.71875 0.609375
vt 0.65625 0.609375
vt 0.15625 0.25
vt 0.1875 0.25
vt 0.1875 0.234375
vt 0.15625 0.234375
vt 0.0625 0.59375
vt 0 0.59375
vt 0 0.625
vt 0.0625 0.625
vt 0.4375 1
vt 0.375 1
vt 0.375 0.96875
vt 0.4375 0.96875
vn 0 0 -1
vn 1 0 0
vn 0 0 1
vn -1 0 0
vn 0 1 0
vn 0 -1 0
usemtl m_e6e68517-871a-290f-5fac-3d7253d6bcf1
f 52/144/36 55/143/36 53/142/36 50/141/36
f 51/148/37 52/147/37 50/146/37 49/145/37
f 56/152/38 51/151/38 49/150/38 54/149/38
f 55/156/39 56/155/39 54/154/39 53/153/39
f 54/160/40 49/159/40 50/158/40 53/157/40
f 55/164/41 52/163/41 51/162/41 56/161/41
o cube
v 0.05618135658022494 0.3031250055879355 -0.2977988090398134
v 0.05618135658022494 0.3031250055879355 -0.2977988090398134
v 0.05618135658022494 0.22187500558793544 -0.2977988090398134
v 0.05618135658022494 0.22187500558793544 -0.2977988090398134
v -0.05631864341977505 0.3031250055879355 -0.2977988090398134
v -0.05631864341977505 0.3031250055879355 -0.2977988090398134
v -0.05631864341977505 0.22187500558793544 -0.2977988090398134
v -0.05631864341977505 0.22187500558793544 -0.2977988090398134
vt 0.25 0.8125
vt 0.3125 0.8125
vt 0.3125 0.765625
vt 0.25 0.765625
vt 0.78125 0.46875
vt 0.78125 0.46875
vt 0.78125 0.421875
vt 0.78125 0.421875
vt 0 0.1875
vt 0 0.1875
vt 0 0.140625
vt 0 0.140625
vt 0.09375 0.1875
vt 0.03125 0.1875
vt 0.03125 0.1875
vt 0.09375 0.1875
vt 0.875 0.9375
vt 0.8125 0.9375
vt 0.8125 0.9375
vt 0.875 0.9375
vn 0 0 -1
vn 1 0 0
vn -1 0 0
vn 0 1 0
vn 0 -1 0
usemtl m_e6e68517-871a-290f-5fac-3d7253d6bcf1
f 60/168/42 63/167/42 61/166/42 58/165/42
f 59/172/43 60/171/43 58/170/43 57/169/43
f 63/176/44 64/175/44 62/174/44 61/173/44
f 62/180/45 57/179/45 58/178/45 61/177/45
f 63/184/46 60/183/46 59/182/46 64/181/46
o cube
v 0.19465178963856905 0.32812500000000006 -0.24222918296480866
v 0.20158035578526956 0.32812500000000006 -0.28858930155989854
v 0.19465178963856905 0.29687500000000006 -0.24222918296480866
v 0.20158035578526956 0.29687500000000006 -0.28858930155989854
v 0.0625 0.32812500000000006 -0.309375
v 0.055571433853299504 0.32812500000000006 -0.26301488140491014
v 0.0625 0.29687500000000006 -0.309375
v 0.055571433853299504 0.29687500000000006 -0.26301488140491014
vt 0.5625 0.5625
vt 0.640625 0.5625
vt 0.640625 0.546875
vt 0.5625 0.546875
vt 0.78125 1
vt 0.796875 1
vt 0.796875 0.984375
vt 0.78125 0.984375
vt 0.5 0.4375
vt 0.578125 0.4375
vt 0.578125 0.421875
vt 0.5 0.421875
vt 0.21875 0.21875
vt 0.234375 0.21875
vt 0.234375 0.203125
vt 0.21875 0.203125
vt 0.640625 0.484375
vt 0.5625 0.484375
vt 0.5625 0.5
vt 0.640625 0.5
vt 0.671875 1
vt 0.59375 1
vt 0.59375 0.984375
vt 0.671875 0.984375
vn 0.14780941112961063 0 -0.9890158633619168
vn 0.9890158633619168 0 0.14780941112961063
vn -0.14780941112961063 0 0.9890158633619168
vn -0.9890158633619168 0 -0.14780941112961063
vn 0 1 0
vn 0 -1 0
usemtl m_e6e68517-871a-290f-5fac-3d7253d6bcf1
f 68/188/47 71/187/47 69/186/47 66/185/47
f 67/192/48 68/191/48 66/190/48 65/189/48
f 72/196/49 67/195/49 65/194/49 70/193/49
f 71/200/50 72/199/50 70/198/50 69/197/50
f 70/204/51 65/203/51 66/202/51 69/201/51
f 71/208/52 68/207/52 67/206/52 72/205/52
o cube
v 0.20144306894571945 0.30312500000000003 -0.2760893015598987
v 0.20144306894571945 0.30312500000000003 -0.2760893015598987
v 0.20144306894571945 0.190625 -0.2760893015598987
v 0.20144306894571945 0.190625 -0.2760893015598987
v 0.05618136401443792 0.30312500000000003 -0.2977988088195602
v 0.05618136401443792 0.30312500000000003 -0.2977988088195602
v 0.05618136401443792 0.190625 -0.2977988088195602
v 0.05618136401443792 0.190625 -0.2977988088195602
vt 0.125 1
vt 0.203125 1
vt 0.203125 0.9375
vt 0.125 0.9375
vt 0.8125 0.90625
vt 0.8125 0.90625
vt 0.8125 0.84375
vt 0.8125 0.84375
vt 0.125 0.1875
vt 0.125 0.1875
vt 0.125 0.125
vt 0.125 0.125
vt 0.890625 0.8125
vt 0.8125 0.8125
vt 0.8125 0.8125
vt 0.890625 0.8125
vt 0.890625 0.78125
vt 0.8125 0.78125
vt 0.8125 0.78125
vt 0.890625 0.78125
vn 0.14780941112961063 0 -0.9890158633619168
vn 0.9890158633619168 0 0.14780941112961063
vn -0.9890158633619168 0 -0.14780941112961063
vn 0 1 0
vn 0 -1 0
usemtl m_e6e68517-871a-290f-5fac-3d7253d6bcf1
f 76/212/53 79/211/53 77/210/53 74/209/53
f 75/216/54 76/215/54 74/214/54 73/213/54
f 79/220/55 80/219/55 78/218/55 77/217/55
f 78/224/56 73/223/56 74/222/56 77/221/56
f 79/228/57 76/227/57 75/226/57 80/225/57
o cube
v 0.22555853536862897 0.328125 -0.23761013886700832
v 0.23248710151532945 0.328125 -0.2839702574620982
v 0.22555853536862897 0.17187499999999997 -0.23761013886700832
v 0.23248710151532945 0.17187499999999997 -0.2839702574620982
v 0.20158035578526956 0.328125 -0.28858930155989854
v 0.19465178963856905 0.328125 -0.24222918296480866
v 0.20158035578526956 0.17187499999999997 -0.28858930155989854
v 0.19465178963856905 0.17187499999999997 -0.24222918296480866
vt 0.59375 0.75
vt 0.609375 0.75
vt 0.609375 0.671875
vt 0.59375 0.671875
vt 0.625 0.9375
vt 0.640625 0.9375
vt 0.640625 0.859375
vt 0.625 0.859375
vt 0.125 0.375
vt 0.140625 0.375
vt 0.140625 0.296875
vt 0.125 0.296875
vt 0.1875 0.375
vt 0.203125 0.375
vt 0.203125 0.296875
vt 0.1875 0.296875
vt 0.796875 0.734375
vt 0.78125 0.734375
vt 0.78125 0.75
vt 0.796875 0.75
vt 0.296875 0.21875
vt 0.28125 0.21875
vt 0.28125 0.203125
vt 0.296875 0.203125
vn 0.14780941112961063 0 -0.9890158633619168
vn 0.9890158633619168 0 0.14780941112961063
vn -0.14780941112961063 0 0.9890158633619168
vn -0.9890158633619168 0 -0.14780941112961063
vn 0 1 0
vn 0 -1 0
usemtl m_e6e68517-871a-290f-5fac-3d7253d6bcf1
f 84/232/58 87/231/58 85/230/58 82/229/58
f 83/236/59 84/235/59 82/234/59 81/233/59
f 88/240/60 83/239/60 81/238/60 86/237/60
f 87/244/61 88/243/61 86/242/61 85/241/61
f 86/248/62 81/247/62 82/246/62 85/245/62
f 87/252/63 84/251/63 83/250/63 88/249/63
o cube
v 0.19465178963856905 0.20312500000000006 -0.2422291829648087
v 0.20158035578526956 0.20312500000000006 -0.28858930155989854
v 0.19626932373070927 0.1719178270389196 -0.241987440875022
v 0.20319788987740978 0.1719178270389196 -0.2883475594701118
v 0.0472584102393314 0.1949475068370401 -0.3116528708518846
v 0.040329844092630907 0.1949475068370401 -0.2652927522567947
v 0.04887594433147161 0.16374033387595965 -0.31141112876209787
v 0.04194737818477112 0.16374033387595965 -0.265051010167008
vt 0.625 0.8125
vt 0.703125 0.8125
vt 0.703125 0.796875
vt 0.625 0.796875
vt 0.34375 0.21875
vt 0.359375 0.21875
vt 0.359375 0.203125
vt 0.34375 0.203125
vt 0.25 0.375
vt 0.328125 0.375
vt 0.328125 0.359375
vt 0.25 0.359375
vt 0.40625 0.21875
vt 0.421875 0.21875
vt 0.421875 0.203125
vt 0.40625 0.203125
vt 0.453125 0.359375
vt 0.375 0.359375
vt 0.375 0.375
vt 0.453125 0.375
vt 0.578125 0.375
vt 0.5 0.375
vt 0.5 0.359375
vt 0.578125 0.359375
vn 0.14780941112961057 -2.168404344971009e-17 -0.9890158633619168
vn 0.9876604514940042 0.05233595624294383 0.14760684346871056
vn -0.14780941112961057 2.168404344971009e-17 0.9890158633619168
vn -0.9876604514940042 -0.05233595624294383 -0.14760684346871056
vn -0.05176109094848661 0.9986295347545739 -0.007735746873174621
vn 0.05176109094848661 -0.9986295347545739 0.007735746873174621
usemtl m_e6e68517-871a-290f-5fac-3d7253d6bcf1
f 92/256/64 95/255/64 93/254/64 90/253/64
f 91/260/65 92/259/65 90/258/65 89/257/65
f 96/264/66 91/263/66 89/262/66 94/261/66
f 95/268/67 96/267/67 94/266/67 93/265/67
f 94/272/68 89/271/68 90/270/68 93/269/68
f 95/276/69 92/275/69 91/274/69 96/273/69
o cube
v 0.32067189381584144 0.32555159400525957 0.13779946865780232
v 0.3508164954697973 0.3029446348415904 0.10034958196242613
v 0.31814127313866836 0.25514137980288826 0.1782662475630285
v 0.3482858747926242 0.23253442063921909 0.1408163608676523
v 0.3508164954697973 0.3029446348415904 0.10034958196242613
v 0.32067189381584144 0.32555159400525957 0.13779946865780232
v 0.3482858747926242 0.23253442063921909 0.1408163608676523
v 0.31814127313866836 0.25514137980288826 0.1782662475630285
vt 0.84375 0.46875
vt 0.84375 0.46875
vt 0.84375 0.421875
vt 0.84375 0.421875
vt 0 0.5625
vt 0.03125 0.5625
vt 0.03125 0.515625
vt 0 0.515625
vt 0.84375 0.375
vt 0.84375 0.375
vt 0.84375 0.328125
vt 0.84375 0.328125
vt 0.84375 0.25
vt 0.84375 0.25
vt 0.84375 0.28125
vt 0.84375 0.28125
vt 0.84375 0.21875
vt 0.84375 0.21875
vt 0.84375 0.1875
vt 0.84375 0.1875
vn 0.5674277958391687 -0.4255427607278906 -0.7049390436776699
vn 0.8228338938837492 0.2606528226317059 0.5049796917998106
vn -0.5674277958391687 0.4255427607278906 0.7049390436776699
vn 0.0311461006421307 0.8665872517214928 -0.4980526634489375
vn -0.0311461006421307 -0.8665872517214928 0.4980526634489375
usemtl m_e6e68517-871a-290f-5fac-3d7253d6bcf1
f 100/280/70 103/279/70 101/278/70 98/277/70
f 99/284/71 100/283/71 98/282/71 97/281/71
f 104/288/72 99/287/72 97/286/72 102/285/72
f 102/292/73 97/291/73 98/290/73 101/289/73
f 103/296/74 100/295/74 99/294/74 104/293/74
o cube
v 0.3270113005990422 0.3043743025910649 0.1126140004691263
v 0.35715590225299804 0.28176734342739573 0.07516411377375008
v 0.3244806799218691 0.23396408838869345 0.15308077937435258
v 0.3546252815758249 0.21135712922502425 0.11563089267897636
v 0.35715590225299804 0.28176734342739573 0.07516411377375008
v 0.3270113005990422 0.3043743025910649 0.1126140004691263
v 0.3546252815758249 0.21135712922502425 0.11563089267897636
v 0.3244806799218691 0.23396408838869345 0.15308077937435258
vt 0.375 0.15625
vt 0.375 0.15625
vt 0.375 0.109375
vt 0.375 0.109375
vt 0.34375 0.625
vt 0.375 0.625
vt 0.375 0.578125
vt 0.34375 0.578125
vt 0.40625 0.15625
vt 0.40625 0.15625
vt 0.40625 0.109375
vt 0.40625 0.109375
vt 0.84375 0.5625
vt 0.84375 0.5625
vt 0.84375 0.59375
vt 0.84375 0.59375
vt 0.4375 0.15625
vt 0.4375 0.15625
vt 0.4375 0.125
vt 0.4375 0.125
vn 0.5674277958391687 -0.4255427607278906 -0.7049390436776699
vn 0.8228338938837492 0.2606528226317059 0.5049796917998106
vn -0.5674277958391687 0.4255427607278906 0.7049390436776699
vn 0.0311461006421307 0.8665872517214928 -0.4980526634489375
vn -0.0311461006421307 -0.8665872517214928 0.4980526634489375
usemtl m_e6e68517-871a-290f-5fac-3d7253d6bcf1
f 108/300/75 111/299/75 109/298/75 106/297/75
f 107/304/76 108/303/76 106/302/76 105/301/76
f 112/308/77 107/307/77 105/306/77 110/305/77
f 110/312/78 105/311/78 106/310/78 109/309/78
f 111/316/79 108/315/79 107/314/79 112/313/79
o cube
v 0.3572746997115811 0.26488484424736036 0.05563508675783166
v 0.35530767847906475 0.2558556425579851 0.0033199840691872026
v 0.3534867066923099 0.18492966069045338 0.06957718958585851
v 0.35151968545979356 0.1759004590010781 0.017262086897214056
v 0.35530767847906475 0.2558556425579851 0.0033199840691872026
v 0.3572746997115811 0.26488484424736036 0.05563508675783166
v 0.35151968545979356 0.1759004590010781 0.017262086897214056
v 0.3534867066923099 0.18492966069045338 0.06957718958585851
vt 0.21875 0.15625
vt 0.21875 0.15625
vt 0.21875 0.109375
vt 0.21875 0.109375
vt 0.15625 0.625
vt 0.1875 0.625
vt 0.1875 0.578125
vt 0.15625 0.578125
vt 0.25 0.15625
vt 0.25 0.15625
vt 0.25 0.109375
vt 0.25 0.109375
vt 0.84375 0.96875
vt 0.84375 0.96875
vt 0.84375 1
vt 0.84375 1
vt 0.84375 0.75
vt 0.84375 0.75
vt 0.84375 0.71875
vt 0.84375 0.71875
vn -0.037026282023837294 -0.16996144356471116 -0.9847548741391896
vn 0.998226174071837 -0.05226423163382613 -0.02851237432464415
vn 0.037026282023837294 0.16996144356471116 0.9847548741391896
vn 0.046621452544875965 0.98406379762347 -0.17159511172956124
vn -0.046621452544875965 -0.98406379762347 0.17159511172956124
usemtl m_e6e68517-871a-290f-5fac-3d7253d6bcf1
f 116/320/80 119/319/80 117/318/80 114/317/80
f 115/324/81 116/323/81 114/322/81 113/321/81
f 120/328/82 115/327/82 113/326/82 118/325/82
f 118/332/83 113/331/83 114/330/83 117/329/83
f 119/336/84 116/335/84 115/334/84 120/333/84
o cube
v 0.35715123488230344 0.28178657130407725 0.07519727746029313
v 0.35445573613897663 0.2554216349212921 0.02915501382071499
v 0.3546206142051303 0.2113763571017059 0.11566405636551944
v 0.3519251154618035 0.1850114207189208 0.06962179272594131
v 0.35445573613897663 0.2554216349212921 0.02915501382071499
v 0.35715123488230344 0.28178657130407725 0.07519727746029313
v 0.3519251154618035 0.1850114207189208 0.06962179272594131
v 0.3546206142051303 0.2113763571017059 0.11566405636551944
vt 0.28125 0.15625
vt 0.28125 0.15625
vt 0.28125 0.109375
vt 0.28125 0.109375
vt 0.28125 0.625
vt 0.3125 0.625
vt 0.3125 0.578125
vt 0.28125 0.578125
vt 0.3125 0.15625
vt 0.3125 0.15625
vt 0.3125 0.109375
vt 0.3125 0.109375
vt 0.34375 0.125
vt 0.34375 0.125
vt 0.34375 0.15625
vt 0.34375 0.15625
vt 0.84375 0.65625
vt 0.84375 0.65625
vt 0.84375 0.625
vt 0.84375 0.625
vn -0.05073879987438713 -0.4962811554406607 -0.8666779038038236
vn 0.9982261740718369 -0.05226423163382603 -0.02851237432464415
vn 0.05073879987438713 0.4962811554406607 0.8666779038038236
vn 0.0311461006421308 0.866587251721492 -0.49805266344893867
vn -0.0311461006421308 -0.866587251721492 0.49805266344893867
usemtl m_e6e68517-871a-290f-5fac-3d7253d6bcf1
f 124/340/85 127/339/85 125/338/85 122/337/85
f 123/344/86 124/343/86 122/342/86 121/341/86
f 128/348/87 123/347/87 121/346/87 126/345/87
f 126/352/88 121/351/88 122/350/88 125/349/88
f 127/356/89 124/355/89 123/354/89 128/353/89
o cube
v 0.35458330759078366 0.25513713851541514 0.03504561370433222
v 0.35320237853010383 0.27366259896326567 -0.047258948594027024
v 0.34993239911470964 0.17598356483581878 0.017307425406314678
v 0.34855147005402976 0.1945090252836693 -0.06499713689204457
v 0.35320237853010383 0.27366259896326567 -0.047258948594027024
v 0.35458330759078366 0.25513713851541514 0.03504561370433222
v 0.34855147005402976 0.1945090252836693 -0.06499713689204457
v 0.34993239911470964 0.17598356483581878 0.017307425406314678
vt 0.03125 0.15625
vt 0.03125 0.15625
vt 0.03125 0.109375
vt 0.03125 0.109375
vt 0.09375 0.71875
vt 0.140625 0.71875
vt 0.140625 0.671875
vt 0.09375 0.671875
vt 0.0625 0.15625
vt 0.0625 0.15625
vt 0.0625 0.109375
vt 0.0625 0.109375
vt 0.09375 0.109375
vt 0.09375 0.109375
vt 0.09375 0.15625
vt 0.09375 0.15625
vt 0.84375 0.90625
vt 0.84375 0.90625
vt 0.84375 0.859375
vt 0.84375 0.859375
vn -0.016366566645094588 0.21956101271526557 -0.975461479091665
vn 0.9982261740718369 -0.05226423163382642 -0.028512374324644214
vn 0.016366566645094588 -0.21956101271526557 0.975461479091665
vn 0.05724195047475733 0.974197829902722 0.2183161636679078
vn -0.05724195047475733 -0.974197829902722 -0.2183161636679078
usemtl m_e6e68517-871a-290f-5fac-3d7253d6bcf1
f 132/360/90 135/359/90 133/358/90 130/357/90
f 131/364/91 132/363/91 130/362/91 129/361/91
f 136/368/92 131/367/92 129/366/92 134/365/92
f 134/372/93 129/371/93 130/370/93 133/369/93
f 135/376/94 132/375/94 131/374/94 136/373/94
o cube
v 0.3533164144030535 0.2733999027867963 -0.04346661228686125
v 0.3517778804100376 0.2694835960165043 -0.09015238184711698
v 0.34928063777558055 0.19254540717945007 -0.03655101057082915
v 0.3477421037825646 0.18862910040915803 -0.08323678013108488
v 0.3517778804100376 0.2694835960165043 -0.09015238184711698
v 0.3533164144030535 0.2733999027867963 -0.04346661228686125
v 0.3477421037825646 0.18862910040915803 -0.08323678013108488
v 0.34928063777558055 0.19254540717945007 -0.03655101057082915
vt 0.8125 0.28125
vt 0.8125 0.28125
vt 0.8125 0.234375
vt 0.8125 0.234375
vt 0.375 0.9375
vt 0.40625 0.9375
vt 0.40625 0.890625
vt 0.375 0.890625
vt 0.75 0.1875
vt 0.75 0.1875
vt 0.75 0.140625
vt 0.75 0.140625
vt 0.78125 0.15625
vt 0.78125 0.15625
vt 0.78125 0.1875
vt 0.78125 0.1875
vt 0.8125 0.1875
vt 0.8125 0.1875
vt 0.8125 0.15625
vt 0.8125 0.15625
vn -0.03282205851767322 -0.08354787776623 -0.9959630839521221
vn 0.9982261740718368 -0.052264231633826555 -0.028512374324644263
vn 0.03282205851767322 0.08354787776623 0.9959630839521221
vn 0.04967109695351357 0.9951322536288756 -0.08511509804347193
vn -0.04967109695351357 -0.9951322536288756 0.08511509804347193
usemtl m_e6e68517-871a-290f-5fac-3d7253d6bcf1
f 140/380/95 143/379/95 141/378/95 138/377/95
f 139/384/96 140/383/96 138/382/96 137/381/96
f 144/388/97 139/387/97 137/386/97 142/385/97
f 142/392/98 137/391/98 138/390/98 141/389/98
f 143/396/99 140/395/99 139/394/99 144/393/99
o cube
v 0.3511064311313138 0.27254251083101966 -0.11002461103104831
v 0.2764087183382158 0.2875684774257448 -0.23192019967712713
v 0.34666888340393215 0.19173760683234736 -0.11726603077669061
v 0.27197117061083415 0.20676357342707252 -0.23916161942276942
v 0.2764087183382158 0.2875684774257448 -0.23192019967712713
v 0.3511064311313138 0.27254251083101966 -0.11002461103104831
v 0.27197117061083415 0.20676357342707252 -0.23916161942276942
v 0.34666888340393215 0.19173760683234736 -0.11726603077669061
vt 0.8125 0.46875
vt 0.8125 0.46875
vt 0.8125 0.421875
vt 0.8125 0.421875
vt 0 0.8125
vt 0.078125 0.8125
vt 0.078125 0.765625
vt 0 0.765625
vt 0.5625 0.1875
vt 0.5625 0.1875
vt 0.5625 0.140625
vt 0.5625 0.140625
vt 0.59375 0.109375
vt 0.59375 0.109375
vt 0.59375 0.1875
vt 0.59375 0.1875
vt 0.625 0.1875
vt 0.625 0.1875
vt 0.625 0.109375
vt 0.625 0.109375
vn -0.5196362629085077 0.10452846326765347 -0.8479693123205481
vn 0.8526401643540925 6.93889390390723e-18 -0.5224985647159488
vn 0.5196362629085077 -0.10452846326765347 0.8479693123205481
vn 0.054615972029312676 0.9945218953682733 0.08912516610021275
vn -0.054615972029312676 -0.9945218953682733 -0.08912516610021275
usemtl m_e6e68517-871a-290f-5fac-3d7253d6bcf1
f 148/400/100 151/399/100 149/398/100 146/397/100
f 147/404/101 148/403/101 146/402/101 145/401/101
f 152/408/102 147/407/102 145/406/102 150/405/102
f 150/412/103 145/411/103 146/410/103 149/409/103
f 151/416/104 148/415/104 147/414/104 152/413/104
o cube
v 0.3521597613129439 0.26943504587772316 -0.07599479188888635
v 0.3513451383613107 0.27254681884863474 -0.11021896292960226
v 0.34772221358556227 0.18863014187905075 -0.08323621163452866
v 0.346907590633929 0.1917419148499623 -0.11746038267524456
v 0.3513451383613107 0.27254681884863474 -0.11021896292960226
v 0.3521597613129439 0.26943504587772316 -0.07599479188888635
v 0.346907590633929 0.1917419148499623 -0.11746038267524456
v 0.34772221358556227 0.18863014187905075 -0.08323621163452866
vt 0.8125 0.375
vt 0.8125 0.375
vt 0.8125 0.328125
vt 0.8125 0.328125
vt 0.6875 0.5625
vt 0.703125 0.5625
vt 0.703125 0.515625
vt 0.6875 0.515625
vt 0.65625 0.1875
vt 0.65625 0.1875
vt 0.65625 0.140625
vt 0.65625 0.140625
vt 0.6875 0.171875
vt 0.6875 0.171875
vt 0.6875 0.1875
vt 0.6875 0.1875
vt 0.71875 0.1875
vt 0.71875 0.1875
vt 0.71875 0.171875
vt 0.71875 0.171875
vn -0.023698122229330154 0.09052430460833649 -0.9956122484571897
vn 0.9982261740718369 -0.052264231633826756 -0.028512374324644325
vn 0.023698122229330154 -0.09052430460833649 0.9956122484571897
vn 0.054615972029312634 0.9945218953682733 0.08912516610021282
vn -0.054615972029312634 -0.9945218953682733 -0.08912516610021282
usemtl m_e6e68517-871a-290f-5fac-3d7253d6bcf1
f 156/420/105 159/419/105 157/418/105 154/417/105
f 155/424/106 156/423/106 154/422/106 153/421/106
f 160/428/107 155/427/107 153/426/107 158/425/107
f 158/432/108 153/431/108 154/430/108 157/429/108
f 159/436/109 156/435/109 155/434/109 160/433/109
o cube
v 0.27735911505342487 0.28750000106753365 -0.23097017966137748
v 0.26103103490605145 0.28750000106753365 -0.25761518479744283
v 0.27735911505342487 0.20625000106753355 -0.23097017966137748
v 0.26103103490605145 0.20625000106753355 -0.25761518479744283
v 0.26103103490605145 0.28750000106753365 -0.25761518479744283
v 0.27735911505342487 0.28750000106753365 -0.23097017966137748
v 0.26103103490605145 0.20625000106753355 -0.25761518479744283
v 0.27735911505342487 0.20625000106753355 -0.23097017966137748
vt 0.8125 0.65625
vt 0.8125 0.65625
vt 0.8125 0.609375
vt 0.8125 0.609375
vt 0.375 0.3125
vt 0.390625 0.3125
vt 0.390625 0.265625
vt 0.375 0.265625
vt 0.5 0.1875
vt 0.5 0.1875
vt 0.5 0.140625
vt 0.5 0.140625
vt 0.8125 0.546875
vt 0.8125 0.546875
vt 0.8125 0.5625
vt 0.8125 0.5625
vt 0.53125 0.1875
vt 0.53125 0.1875
vt 0.53125 0.171875
vt 0.53125 0.171875
vn -0.5224985647159489 0 -0.8526401643540922
vn 0.8526401643540922 0 -0.5224985647159489
vn 0.5224985647159489 0 0.8526401643540922
vn 0 1 0
vn 0 -1 0
usemtl m_e6e68517-871a-290f-5fac-3d7253d6bcf1
f 164/440/110 167/439/110 165/438/110 162/437/110
f 163/444/111 164/443/111 162/442/111 161/441/111
f 168/448/112 163/447/112 161/446/112 166/445/112
f 166/452/113 161/451/113 162/450/113 165/449/113
f 167/456/114 164/455/114 163/454/114 168/453/114
o cube
v 0.26108432519648916 0.28750000000000014 -0.25764784049926787
v 0.26108432519648916 0.28750000000000014 -0.25764784049926787
v 0.26108432519648916 0.20624999999999993 -0.25764784049926787
v 0.26108432519648916 0.20624999999999993 -0.25764784049926787
v 0.23017757946642928 0.28750000000000014 -0.2622668845970682
v 0.23017757946642928 0.28750000000000014 -0.2622668845970682
v 0.23017757946642928 0.20624999999999993 -0.2622668845970682
v 0.23017757946642928 0.20624999999999993 -0.2622668845970682
vt 0.25 0.3125
vt 0.265625 0.3125
vt 0.265625 0.265625
vt 0.25 0.265625
vt 0.15625 0.1875
vt 0.15625 0.1875
vt 0.15625 0.140625
vt 0.15625 0.140625
vt 0.1875 0.1875
vt 0.1875 0.1875
vt 0.1875 0.140625
vt 0.1875 0.140625
vt 0.390625 0.84375
vt 0.375 0.84375
vt 0.375 0.84375
vt 0.390625 0.84375
vt 0.828125 0.6875
vt 0.8125 0.6875
vt 0.8125 0.6875
vt 0.828125 0.6875
vn 0.14780941112961063 0 -0.9890158633619168
vn 0.9890158633619168 0 0.14780941112961063
vn -0.9890158633619168 0 -0.14780941112961063
vn 0 1 0
vn 0 -1 0
usemtl m_e6e68517-871a-290f-5fac-3d7253d6bcf1
f 172/460/115 175/459/115 173/458/115 170/457/115
f 171/464/116 172/463/116 170/462/116 169/461/116
f 175/468/117 176/467/117 174/466/117 173/465/117
f 174/472/118 169/471/118 170/470/118 173/469/118
f 175/476/119 172/475/119 171/474/119 176/473/119
o cube
v -0.3206718938158415 0.32555159400525957 0.13779946865780232
v -0.3508164954697974 0.3029446348415904 0.10034958196242613
v -0.31814127313866836 0.25514137980288826 0.1782662475630285
v -0.34828587479262424 0.23253442063921909 0.1408163608676523
v -0.3508164954697974 0.3029446348415904 0.10034958196242613
v -0.3206718938158415 0.32555159400525957 0.13779946865780232
v -0.34828587479262424 0.23253442063921909 0.1408163608676523
v -0.31814127313866836 0.25514137980288826 0.1782662475630285
vt 0.84375 0.46875
vt 0.84375 0.46875
vt 0.84375 0.421875
vt 0.84375 0.421875
vt 0.84375 0.375
vt 0.84375 0.375
vt 0.84375 0.328125
vt 0.84375 0.328125
vt 0.03125 0.5625
vt 0 0.5625
vt 0 0.515625
vt 0.03125 0.515625
vt 0.84375 0.25
vt 0.84375 0.25
vt 0.84375 0.28125
vt 0.84375 0.28125
vt 0.84375 0.21875
vt 0.84375 0.21875
vt 0.84375 0.1875
vt 0.84375 0.1875
vn -0.5674277958391687 -0.4255427607278906 -0.7049390436776699
vn 0.5674277958391687 0.4255427607278906 0.7049390436776699
vn -0.8228338938837492 0.2606528226317059 0.5049796917998106
vn -0.0311461006421307 0.8665872517214928 -0.4980526634489375
vn 0.0311461006421307 -0.8665872517214928 0.4980526634489375
usemtl m_e6e68517-871a-290f-5fac-3d7253d6bcf1
f 180/480/120 183/479/120 181/478/120 178/477/120
f 184/484/121 179/483/121 177/482/121 182/481/121
f 183/488/122 184/487/122 182/486/122 181/485/122
f 182/492/123 177/491/123 178/490/123 181/489/123
f 183/496/124 180/495/124 179/494/124 184/493/124
o cube
v -0.32701130059904215 0.3043743025910649 0.1126140004691263
v -0.357155902252998 0.28176734342739573 0.07516411377375008
v -0.324480679921869 0.23396408838869345 0.15308077937435258
v -0.35462528157582485 0.21135712922502425 0.11563089267897636
v -0.357155902252998 0.28176734342739573 0.07516411377375008
v -0.32701130059904215 0.3043743025910649 0.1126140004691263
v -0.35462528157582485 0.21135712922502425 0.11563089267897636
v -0.324480679921869 0.23396408838869345 0.15308077937435258
vt 0.375 0.15625
vt 0.375 0.15625
vt 0.375 0.109375
vt 0.375 0.109375
vt 0.40625 0.15625
vt 0.40625 0.15625
vt 0.40625 0.109375
vt 0.40625 0.109375
vt 0.375 0.625
vt 0.34375 0.625
vt 0.34375 0.578125
vt 0.375 0.578125
vt 0.84375 0.5625
vt 0.84375 0.5625
vt 0.84375 0.59375
vt 0.84375 0.59375
vt 0.4375 0.15625
vt 0.4375 0.15625
vt 0.4375 0.125
vt 0.4375 0.125
vn -0.5674277958391687 -0.4255427607278906 -0.7049390436776699
vn 0.5674277958391687 0.4255427607278906 0.7049390436776699
vn -0.8228338938837492 0.2606528226317059 0.5049796917998106
vn -0.0311461006421307 0.8665872517214928 -0.4980526634489375
vn 0.0311461006421307 -0.8665872517214928 0.4980526634489375
usemtl m_e6e68517-871a-290f-5fac-3d7253d6bcf1
f 188/500/125 191/499/125 189/498/125 186/497/125
f 192/504/126 187/503/126 185/502/126 190/501/126
f 191/508/127 192/507/127 190/506/127 189/505/127
f 190/512/128 185/511/128 186/510/128 189/509/128
f 191/516/129 188/515/129 187/514/129 192/513/129
o cube
v -0.35727469971158116 0.26488484424736036 0.05563508675783166
v -0.3553076784790648 0.2558556425579851 0.0033199840691872026
v -0.35348670669230997 0.18492966069045338 0.06957718958585851
v -0.3515196854597936 0.1759004590010781 0.017262086897214056
v -0.3553076784790648 0.2558556425579851 0.0033199840691872026
v -0.35727469971158116 0.26488484424736036 0.05563508675783166
v -0.3515196854597936 0.1759004590010781 0.017262086897214056
v -0.35348670669230997 0.18492966069045338 0.06957718958585851
vt 0.21875 0.15625
vt 0.21875 0.15625
vt 0.21875 0.109375
vt 0.21875 0.109375
vt 0.25 0.15625
vt 0.25 0.15625
vt 0.25 0.109375
vt 0.25 0.109375
vt 0.1875 0.625
vt 0.15625 0.625
vt 0.15625 0.578125
vt 0.1875 0.578125
vt 0.84375 0.96875
vt 0.84375 0.96875
vt 0.84375 1
vt 0.84375 1
vt 0.84375 0.75
vt 0.84375 0.75
vt 0.84375 0.71875
vt 0.84375 0.71875
vn 0.037026282023837294 -0.16996144356471116 -0.9847548741391896
vn -0.037026282023837294 0.16996144356471116 0.9847548741391896
vn -0.998226174071837 -0.05226423163382613 -0.02851237432464415
vn -0.046621452544875965 0.98406379762347 -0.17159511172956124
vn 0.046621452544875965 -0.98406379762347 0.17159511172956124
usemtl m_e6e68517-871a-290f-5fac-3d7253d6bcf1
f 196/520/130 199/519/130 197/518/130 194/517/130
f 200/524/131 195/523/131 193/522/131 198/521/131
f 199/528/132 200/527/132 198/526/132 197/525/132
f 198/532/133 193/531/133 194/530/133 197/529/133
f 199/536/134 196/535/134 195/534/134 200/533/134
o cube
v -0.35715123488230344 0.28178657130407725 0.07519727746029313
v -0.35445573613897663 0.2554216349212921 0.02915501382071499
v -0.3546206142051303 0.2113763571017059 0.11566405636551944
v -0.3519251154618035 0.1850114207189208 0.06962179272594131
v -0.35445573613897663 0.2554216349212921 0.02915501382071499
v -0.35715123488230344 0.28178657130407725 0.07519727746029313
v -0.3519251154618035 0.1850114207189208 0.06962179272594131
v -0.3546206142051303 0.2113763571017059 0.11566405636551944
vt 0.28125 0.15625
vt 0.28125 0.15625
vt 0.28125 0.109375
vt 0.28125 0.109375
vt 0.3125 0.15625
vt 0.3125 0.15625
vt 0.3125 0.109375
vt 0.3125 0.109375
vt 0.3125 0.625
vt 0.28125 0.625
vt 0.28125 0.578125
vt 0.3125 0.578125
vt 0.34375 0.125
vt 0.34375 0.125
vt 0.34375 0.15625
vt 0.34375 0.15625
vt 0.84375 0.65625
vt 0.84375 0.65625
vt 0.84375 0.625
vt 0.84375 0.625
vn 0.05073879987438713 -0.4962811554406607 -0.8666779038038236
vn -0.05073879987438713 0.4962811554406607 0.8666779038038236
vn -0.9982261740718369 -0.05226423163382603 -0.02851237432464415
vn -0.0311461006421308 0.866587251721492 -0.49805266344893867
vn 0.0311461006421308 -0.866587251721492 0.49805266344893867
usemtl m_e6e68517-871a-290f-5fac-3d7253d6bcf1
f 204/540/135 207/539/135 205/538/135 202/537/135
f 208/544/136 203/543/136 201/542/136 206/541/136
f 207/548/137 208/547/137 206/546/137 205/545/137
f 206/552/138 201/551/138 202/550/138 205/549/138
f 207/556/139 204/555/139 203/554/139 208/553/139
o cube
v -0.3545833075907837 0.25513713851541514 0.03504561370433222
v -0.3532023785301039 0.27366259896326567 -0.047258948594027024
v -0.3499323991147097 0.17598356483581878 0.017307425406314678
v -0.3485514700540298 0.1945090252836693 -0.06499713689204457
v -0.3532023785301039 0.27366259896326567 -0.047258948594027024
v -0.3545833075907837 0.25513713851541514 0.03504561370433222
v -0.3485514700540298 0.1945090252836693 -0.06499713689204457
v -0.3499323991147097 0.17598356483581878 0.017307425406314678
vt 0.03125 0.15625
vt 0.03125 0.15625
vt 0.03125 0.109375
vt 0.03125 0.109375
vt 0.0625 0.15625
vt 0.0625 0.15625
vt 0.0625 0.109375
vt 0.0625 0.109375
vt 0.140625 0.71875
vt 0.09375 0.71875
vt 0.09375 0.671875
vt 0.140625 0.671875
vt 0.09375 0.109375
vt 0.09375 0.109375
vt 0.09375 0.15625
vt 0.09375 0.15625
vt 0.84375 0.90625
vt 0.84375 0.90625
vt 0.84375 0.859375
vt 0.84375 0.859375
vn 0.016366566645094588 0.21956101271526557 -0.975461479091665
vn -0.016366566645094588 -0.21956101271526557 0.975461479091665
vn -0.9982261740718369 -0.05226423163382642 -0.028512374324644214
vn -0.05724195047475733 0.974197829902722 0.2183161636679078
vn 0.05724195047475733 -0.974197829902722 -0.2183161636679078
usemtl m_e6e68517-871a-290f-5fac-3d7253d6bcf1
f 212/560/140 215/559/140 213/558/140 210/557/140
f 216/564/141 211/563/141 209/562/141 214/561/141
f 215/568/142 216/567/142 214/566/142 213/565/142
f 214/572/143 209/571/143 210/570/143 213/569/143
f 215/576/144 212/575/144 211/574/144 216/573/144
o cube
v -0.35331641440305345 0.2733999027867963 -0.04346661228686125
v -0.35177788041003755 0.2694835960165043 -0.09015238184711698
v -0.3492806377755805 0.19254540717945007 -0.03655101057082915
v -0.34774210378256454 0.18862910040915803 -0.08323678013108488
v -0.35177788041003755 0.2694835960165043 -0.09015238184711698
v -0.35331641440305345 0.2733999027867963 -0.04346661228686125
v -0.34774210378256454 0.18862910040915803 -0.08323678013108488
v -0.3492806377755805 0.19254540717945007 -0.03655101057082915
vt 0.8125 0.28125
vt 0.8125 0.28125
vt 0.8125 0.234375
vt 0.8125 0.234375
vt 0.75 0.1875
vt 0.75 0.1875
vt 0.75 0.140625
vt 0.75 0.140625
vt 0.40625 0.9375
vt 0.375 0.9375
vt 0.375 0.890625
vt 0.40625 0.890625
vt 0.78125 0.15625
vt 0.78125 0.15625
vt 0.78125 0.1875
vt 0.78125 0.1875
vt 0.8125 0.1875
vt 0.8125 0.1875
vt 0.8125 0.15625
vt 0.8125 0.15625
vn 0.03282205851767322 -0.08354787776623 -0.9959630839521221
vn -0.03282205851767322 0.08354787776623 0.9959630839521221
vn -0.9982261740718368 -0.052264231633826555 -0.028512374324644263
vn -0.04967109695351357 0.9951322536288756 -0.08511509804347193
