# Made in Blockbench 5.0.7
mtllib helmetfastmt.mtl

o cube
v 0.005423749999999991 0.3484497125390308 -0.30928963809747695
v -0.003951250000000017 0.3484497125390308 -0.30928963809747695
v 0.005423749999999991 0.3381342371727384 -0.2476467880014
v -0.003951250000000031 0.3381342371727384 -0.2476467880014
v -0.003951250000000045 0.5333782628272616 -0.2783432119985999
v 0.005423749999999991 0.5333782628272616 -0.2783432119985999
v -0.003951250000000045 0.5230627874609693 -0.21670036190252295
v 0.005423749999999991 0.5230627874609693 -0.21670036190252295
vt 0.546875 0.71875
vt 0.59375 0.71875
vt 0.59375 0.703125
vt 0.546875 0.703125
vt 0.703125 0.40625
vt 0.7109375 0.40625
vt 0.7109375 0.390625
vt 0.703125 0.390625
vt 0.546875 0.6875
vt 0.59375 0.6875
vt 0.59375 0.671875
vt 0.546875 0.671875
vt 0.703125 0.375
vt 0.7109375 0.375
vt 0.7109375 0.359375
vt 0.703125 0.359375
vt 0.6875 0.6171875
vt 0.640625 0.6171875
vt 0.640625 0.625
vt 0.6875 0.625
vt 0.6875 0.59375
vt 0.640625 0.59375
vt 0.640625 0.5859375
vt 0.6875 0.5859375
vn -1 -9.117573314971249e-17 -1.2782366358686892e-16
vn 1.2782366358686892e-16 -0.9862856015372314 -0.16504760586067757
vn 1 9.117573314971249e-17 1.2782366358686892e-16
vn -1.2782366358686892e-16 0.9862856015372314 0.16504760586067757
vn 9.117573314971249e-17 0.16504760586067757 -0.9862856015372314
vn -9.117573314971249e-17 -0.16504760586067757 0.9862856015372314
usemtl m_2700c4ab-e340-72d9-9db3-1d95e424475d
f 4/4/1 7/3/1 5/2/1 2/1/1
f 3/8/2 4/7/2 2/6/2 1/5/2
f 8/12/3 3/11/3 1/10/3 6/9/3
f 7/16/4 8/15/4 6/14/4 5/13/4
f 6/20/5 1/19/5 2/18/5 5/17/5
f 7/24/6 4/23/6 3/22/6 8/21/6
o cube
v -0.003951277556079963 0.34844985448816723 -0.30928953489012745
v -0.25879751324420003 0.34402898525772024 -0.28287146208300434
v 0.0025817513981483686 0.3381908883752574 -0.2479843707766746
v -0.2522644842899717 0.3337700191448104 -0.22156629796955152
v -0.2587975132442001 0.5289575355459512 -0.2519250359841273
v -0.0039512775560800045 0.5333784047763981 -0.27834310879125035
v -0.2522644842899717 0.5186985694330414 -0.19061987187067447
v 0.002581751398148341 0.5231194386634883 -0.21703794467779755
vt 0.328125 0.453125
vt 0.375 0.453125
vt 0.375 0.4375
vt 0.328125 0.4375
vt 0.46875 0.578125
vt 0.53125 0.578125
vt 0.53125 0.5625
vt 0.46875 0.5625
vt 0.546875 0.65625
vt 0.59375 0.65625
vt 0.59375 0.640625
vt 0.546875 0.640625
vt 0.40625 0.5
vt 0.46875 0.5
vt 0.46875 0.484375
vt 0.40625 0.484375
vt 0.328125 0.625
vt 0.28125 0.625
vt 0.28125 0.6875
vt 0.328125 0.6875
vt 0.046875 0.671875
vt 0 0.671875
vt 0 0.609375
vt 0.046875 0.609375
vn -0.9945218953682734 -0.017252172606622183 0.10309491827169984
vn 3.6082248300317573e-16 -0.9862856015372314 -0.16504760586067757
vn 0.9945218953682734 0.017252172606622183 -0.10309491827169984
vn -3.6082248300317573e-16 0.9862856015372314 0.16504760586067757
vn -0.10452846326765332 0.16414345780655676 -0.980882625815245
vn 0.10452846326765332 -0.16414345780655676 0.980882625815245
usemtl m_2700c4ab-e340-72d9-9db3-1d95e424475d
f 12/28/7 15/27/7 13/26/7 10/25/7
f 11/32/8 12/31/8 10/30/8 9/29/8
f 16/36/9 11/35/9 9/34/9 14/33/9
f 15/40/10 16/39/10 14/38/10 13/37/10
f 14/44/11 9/43/11 10/42/11 13/41/11
f 15/48/12 12/47/12 11/46/12 16/45/12
o cube
v 0.003951277556079991 0.5333784047763981 -0.27834310879125035
v 0.25879751324420003 0.5289575355459512 -0.2519250359841273
v -0.0025817513981483547 0.5231194386634883 -0.21703794467779755
v 0.2522644842899717 0.5186985694330414 -0.19061987187067447
v 0.25879751324420003 0.34402898525772024 -0.28287146208300434
v 0.003951277556079949 0.34844985448816723 -0.30928953489012745
v 0.25226448428997167 0.3337700191448104 -0.22156629796955152
v -0.0025817513981483825 0.3381908883752574 -0.2479843707766746
vt 0.546875 0.625
vt 0.59375 0.625
vt 0.59375 0.609375
vt 0.546875 0.609375
vt 0.484375 0.5
vt 0.546875 0.5
vt 0.546875 0.484375
vt 0.484375 0.484375
vt 0.546875 0.59375
vt 0.59375 0.59375
vt 0.59375 0.578125
vt 0.546875 0.578125
vt 0.515625 0.546875
vt 0.578125 0.546875
vt 0.578125 0.53125
vt 0.515625 0.53125
vt 0.375 0.9375
vt 0.328125 0.9375
vt 0.328125 1
vt 0.375 1
vt 0.109375 0.671875
vt 0.0625 0.671875
vt 0.0625 0.609375
vt 0.109375 0.609375
vn 0.9945218953682734 -0.017252172606622183 0.10309491827169984
vn 3.6082248300317573e-16 0.9862856015372314 0.16504760586067757
vn -0.9945218953682734 0.017252172606622183 -0.10309491827169984
vn -3.6082248300317573e-16 -0.9862856015372314 -0.16504760586067757
vn 0.10452846326765332 0.16414345780655676 -0.980882625815245
vn -0.10452846326765332 -0.16414345780655676 0.980882625815245
usemtl m_2700c4ab-e340-72d9-9db3-1d95e424475d
f 20/52/13 23/51/13 21/50/13 18/49/13
f 19/56/14 20/55/14 18/54/14 17/53/14
f 24/60/15 19/59/15 17/58/15 22/57/15
f 23/64/16 24/63/16 22/62/16 21/61/16
f 22/68/17 17/67/17 18/66/17 21/65/17
f 23/72/18 20/71/18 19/70/18 24/69/18
o cube
v -0.2530266708025273 0.3484499676231645 0.2987825992338063
v -0.0039512775560800045 0.3484498544881671 0.32491453489012745
v -0.24645150381154418 0.33812483117882647 0.23708201681182173
v -0.003951385458198689 0.33813439690939545 0.2632717910880826
v -0.2530266708025273 0.5291245448262651 0.2685480440899571
v -0.003993415592834726 0.5334445751078264 0.2943635270997822
v -0.24645150381154413 0.5187994083819272 0.20684746166797252
v 0.0025817513981483686 0.5231194386634883 0.2326629446777976
vt 0.408578125 0.5312343749999999
vt 0.4102109375 0.5467734375
vt 0.3476015625 0.546875
vt 0.3476015625 0.5311484375
vt 0.59375 0.828125
vt 0.59375 0.84375
vt 0.53125 0.84375
vt 0.53125 0.828125
vt 0.26562828125 0.9367096875
vt 0.26562828125 0.8740990625
vt 0.31249671875 0.87490734375
vt 0.311418125 0.9375
vt 0.12889546875 0.69460046875
vt 0.12889546875 0.6336221875
vt 0.17468515625 0.6328125
vt 0.17579203125 0.69540421875
vt 0.609375 0.859375
vt 0.609375 0.875
vt 0.5625 0.875
vt 0.5625 0.859375
vt 0.171875 0.453025
vt 0.171875 0.46875
vt 0.125 0.46865
vt 0.125 0.4531109375
vn -0.01731395135714992 -0.9861377546699178 0.16502289508724413
vn 1.387778780781445e-17 0.9862856015372314 -0.16504760586067732
vn -0.10296385512610086 0.16204950401794102 0.9813961497708817
vn 0.10592509120332497 -0.16411906655176878 -0.9807368694240793
vn -0.9945218953682735 -0.01725217260662174 -0.10309491827169993
vn 0.9945218953682735 0.01725217260662174 0.10309491827169993
usemtl m_2700c4ab-e340-72d9-9db3-1d95e424475d
f 28/73/19 26/74/19 25/75/19 27/76/19
f 31/77/20 29/78/20 30/79/20 32/80/20
f 25/81/21 26/82/21 30/83/21 29/84/21
f 28/85/22 27/86/22 31/87/22 32/88/22
f 27/89/23 25/90/23 29/91/23 31/92/23
f 32/93/24 30/94/24 26/95/24 28/96/24
o cube
v -0.003951250000000045 0.3484497125390308 0.32491463809747695
v 0.00417374999999999 0.3484497125390308 0.32491463809747695
v -0.003951250000000059 0.3381342371727384 0.2632717880014
v 0.00417374999999999 0.3381342371727384 0.2632717880014
v 0.00417374999999999 0.5333782628272616 0.2939682119985999
v -0.003951250000000073 0.5333782628272616 0.2939682119985999
v 0.00417374999999999 0.5230627874609693 0.23232536190252295
v -0.003951250000000073 0.5230627874609693 0.23232536190252295
vt 0.6875 0.296875
vt 0.6953125 0.296875
vt 0.6953125 0.28125
vt 0.6875 0.28125
vt 0.6875 0.4453125
vt 0.640625 0.4453125
vt 0.640625 0.453125
vt 0.6875 0.453125
vt 0.6875 0.421875
vt 0.640625 0.421875
vt 0.640625 0.4140625
vt 0.6875 0.4140625
vn -1.2782366358686892e-16 0.9862856015372314 -0.16504760586067757
vn 9.117573314971249e-17 0.16504760586067757 0.9862856015372314
vn -9.117573314971249e-17 -0.16504760586067757 -0.9862856015372314
usemtl m_2700c4ab-e340-72d9-9db3-1d95e424475d
f 39/100/25 40/99/25 38/98/25 37/97/25
f 38/104/26 33/103/26 34/102/26 37/101/26
f 39/108/27 36/107/27 35/106/27 40/105/27
o cube
v 0.25235923990204784 0.5291245059137863 0.2685478115581529
v 0.003986098600405982 0.5334330850657799 0.29429486531597515
v 0.24579138990349345 0.5188108595114947 0.20691589091997536
v -0.0025817513981483825 0.5231194386634883 0.2326629446777976
v 0.25235923990204784 0.3484499287106857 0.2987823667020021
v 0.003728822366016696 0.3484498757138946 0.3249146617300731
v 0.24579138990349347 0.3381362823083941 0.23715044606382454
v 0.00417384064826197 0.338134375683668 0.2632716642481369
vt 0.3125 0.453125
vt 0.3125 0.46875
vt 0.25 0.46875
vt 0.25 0.453125
vt 0.390625 0.4842921875
vt 0.390625 0.5
vt 0.328125 0.49991093750000004
vt 0.32986875 0.484384375
vt 0.390625 0.921875
vt 0.3281796875 0.921875
vt 0.328125 0.875
vt 0.390625 0.876078125
vt 0.390625 0.65625
vt 0.390625 0.7186859375
vt 0.344828125 0.7186859375
vt 0.34375 0.6579390625
vt 0.5 0.421875
vt 0.5 0.4375
vt 0.453125 0.4375
vt 0.453125 0.421875
vt 0.08199140625 0.40625
vt 0.09761640625 0.40625
vt 0.09769609375 0.453125
vt 0.08208671875 0.453125
vn -1.387778780781445e-17 0.9862856015372314 -0.16504760586067732
vn 0.01715800897815587 -0.9864364503844246 0.16324439371960717
vn 0.10452827459428832 0.16226922226795412 0.981194445212005
vn -0.10452846326765369 -0.1641434578065567 -0.980882625815245
vn 0.9945218953682735 -0.01725217260662174 -0.10309491827169993
vn -0.9999736931572496 0.00019053610549576655 -0.007250978516291338
usemtl m_2700c4ab-e340-72d9-9db3-1d95e424475d
f 44/109/28 42/110/28 41/111/28 43/112/28
f 47/113/29 45/114/29 46/115/29 48/116/29
f 41/117/30 42/118/30 46/119/30 45/120/30
f 44/121/31 43/122/31 47/123/31 48/124/31
f 43/125/32 41/126/32 45/127/32 47/128/32
f 48/129/33 46/130/33 42/131/33 44/132/33
o cube
v 0.2457864658421939 0.16559614957488367 0.20687027141864012
v -0.0030267513981483835 0.1612799363365117 0.2326629446777976
v 0.2523591502821744 0.15527491153766848 0.2685475578782616
v 0.0035459330418321083 0.15095869829929653 0.2943402311374191
v 0.24578646584219394 0.3462707267779843 0.23710482656248932
v 0.003728840648261969 0.3462649993163319 0.2632716642481369
v 0.2523591502821744 0.33594948874076913 0.29878211302211083
v 0.0037287327461432845 0.33594954173756025 0.32491440805018185
vt 0.46875 0.453125
vt 0.46875 0.46875
vt 0.40625 0.46875
vt 0.40625 0.453125
vt 0.5 0.5311546875
vt 0.5 0.546875
vt 0.4391328125 0.5467828125
vt 0.4375 0.53124375
vt 0.390625 0.78125
vt 0.328125 0.78125
vt 0.3298140625 0.734375
vt 0.390625 0.735453125
vt 0.26989015625 0.796875
vt 0.33242625 0.7979539062500001
vt 0.33163625 0.8437439062500001
vt 0.26913625 0.8437439062500001
vt 0.609375 0.5
vt 0.609375 0.515625
vt 0.5625 0.515625
vt 0.5625 0.5
vt 0.28520375 0.953125
vt 0.30082890625 0.953125
vt 0.3007428125 1
vt 0.28510859375 0.999940625
vn -1.387778780781445e-17 -0.9862856015372314 -0.16504760586067732
vn 0.017618350699437724 0.9864364528650066 0.16319533748773413
vn -0.10452826453347967 0.16606639899611342 -0.9805589186979449
vn 0.10452846326765369 -0.1641434578065567 0.980882625815245
vn 0.9945218953682735 0.01725217260662174 -0.10309491827169993
vn -0.9993515572571885 0.035512935668525834 0.005941078002822996
usemtl m_2700c4ab-e340-72d9-9db3-1d95e424475d
f 52/133/34 50/134/34 49/135/34 51/136/34
f 55/137/35 53/138/35 54/139/35 56/140/35
f 49/141/36 50/142/36 54/143/36 53/144/36
f 52/145/37 51/146/37 55/147/37 56/148/37
f 51/149/38 49/150/38 53/151/38 55/152/38
f 56/153/39 54/154/39 50/155/39 52/156/39
o cube
v -0.24645642787284372 0.34626690973479507 0.23712763631315695
v -0.00439638545819869 0.3462649780906045 0.2632717910880826
v -0.2530266950921112 0.33594946751504173 0.29878223986205643
v -0.0043962775560800055 0.3359495205118328 0.32491453489012745
v -0.2464564278728437 0.16559233253169442 0.20689308116930774
v 0.0021367513981483677 0.1612799363365117 0.2326629446777976
v -0.2530266950921111 0.15527489031194106 0.2685476847182072
v -0.004433515821119061 0.1509624941167583 0.2943175482266971
vt 0.3125 0.49227656249999996
vt 0.3108671875 0.5078171874999999
vt 0.25 0.5079015625000001
vt 0.25 0.4921875
vt 0.546875 0.453125
vt 0.546875 0.46875
vt 0.484375 0.46875
vt 0.484375 0.453125
vt 0.207020625 0.686689375
vt 0.207020625 0.6258217187499999
vt 0.253916875 0.62502
vt 0.252810625 0.6875
vt 0.2656284375 0.77422734375
vt 0.2656284375 0.7117275000000001
vt 0.31141859375 0.7109375
vt 0.3124965625 0.77341875
vt 0.5625 0.421875
vt 0.5625 0.4375
vt 0.515625 0.4375
vt 0.515625 0.421875
vt 0.234375 0.43741093750000004
vt 0.234375 0.453125
vt 0.1875 0.45303906250000003
vt 0.1875578125 0.4375
vn -0.017815584982421702 0.9861290629461402 0.1650214414695909
vn 1.387778780781445e-17 -0.9862856015372314 -0.16504760586067732
vn 0.10589441727268396 0.1659681343038813 -0.9804289626414389
vn -0.10311095223460758 -0.16416787910909542 0.9810285617646889
vn -0.9945218953682735 0.01725217260662174 -0.10309491827169993
vn 0.9939187409401855 0.017102926547420412 0.10877971461348034
usemtl m_2700c4ab-e340-72d9-9db3-1d95e424475d
f 60/157/40 58/158/40 57/159/40 59/160/40
f 63/161/41 61/162/41 62/163/41 64/164/41
f 57/165/42 58/166/42 62/167/42 61/168/42
f 60/169/43 59/170/43 63/171/43 64/172/43
f 59/173/44 57/174/44 61/175/44 63/176/44
f 64/177/45 62/178/45 58/179/45 60/180/45
o cube
v -0.00439625000000006 0.3462651378272616 0.2632717880014
v 0.003728749999999989 0.3462651378272616 0.2632717880014
v -0.004396250000000046 0.33594966246096925 0.32491463809747695
v 0.003728749999999989 0.33594966246096925 0.32491463809747695
v 0.0037287499999999613 0.16133658753903068 0.23232536190252293
v -0.004396250000000074 0.16133658753903068 0.23232536190252293
v 0.003728749999999989 0.15102111217273834 0.2939682119985999
v -0.004396250000000074 0.15102111217273834 0.2939682119985999
vt 0.03125 0.28125
vt 0.0390625 0.28125
vt 0.0390625 0.265625
vt 0.03125 0.265625
vt 0.703125 0.9921875
vt 0.65625 0.9921875
vt 0.65625 1
vt 0.703125 1
vt 0.703125 0.96875
vt 0.65625 0.96875
vt 0.65625 0.9609375
vt 0.703125 0.9609375
vn -1.2782366358686892e-16 -0.9862856015372314 -0.16504760586067757
vn -9.117573314971249e-17 0.16504760586067757 -0.9862856015372314
vn 9.117573314971249e-17 -0.16504760586067757 0.9862856015372314
usemtl m_2700c4ab-e340-72d9-9db3-1d95e424475d
f 71/184/46 72/183/46 70/182/46 69/181/46
f 70/188/47 65/187/47 66/186/47 69/185/47
f 71/192/48 68/191/48 67/190/48 72/189/48
o cube
v 0.2523594277865113 0.34845 0.298781979089574
v 0.0037289539444430486 0.34845 0.32491409490648737
v 0.24582639883228305 0.34845 0.23662436062905692
v -0.002804075009785296 0.34845 0.26275647644597033
v 0.0037289539444430486 0.33594999999999997 0.32491409490648737
v 0.2523594277865113 0.33594999999999997 0.298781979089574
v -0.002804075009785296 0.33594999999999997 0.26275647644597033
v 0.24582639883228305 0.33594999999999997 0.23662436062905695
vt 0.0625 0.28125
vt 0.0703125 0.28125
vt 0.0703125 0.265625
vt 0.0625 0.265625
vt 0.2578125 0.3125
vt 0.25 0.3125
vt 0.25 0.375
vt 0.2578125 0.375
vt 0.2890625 0.375
vt 0.28125 0.375
vt 0.28125 0.3125
vt 0.2890625 0.3125
vn 0.9945218953682733 -5.8024953324216936e-18 -0.10452846326765353
vn 0.10452846326765353 5.520705533658539e-17 0.9945218953682733
vn -0.10452846326765353 -5.520705533658539e-17 -0.9945218953682733
usemtl m_2700c4ab-e340-72d9-9db3-1d95e424475d
f 80/196/49 75/195/49 73/194/49 78/193/49
f 78/200/50 73/199/50 74/198/50 77/197/50
f 79/204/51 76/203/51 75/202/51 80/201/51
o cube
v -0.004396249999999987 0.33594999999999997 0.32491375
v 0.003728749999999951 0.33594999999999997 0.32491375
v -0.004396250000000001 0.33594999999999997 0.26241375
v 0.003728749999999937 0.33594999999999997 0.26241375
v 0.0037287499999999483 0.34845000000000004 0.32491375
v -0.00439624999999999 0.34845000000000004 0.32491375
v 0.0037287499999999344 0.34845000000000004 0.26241375
v -0.0043962500000000035 0.34845000000000004 0.26241375
vt 0.6796875 0.2578125
vt 0.671875 0.2578125
vt 0.671875 0.265625
vt 0.6796875 0.265625
vt 0.7578125 1
vt 0.75 1
vt 0.75 0.9921875
vt 0.7578125 0.9921875
vn 2.220446049250313e-16 4.930380657631324e-32 1
vn -2.220446049250313e-16 -4.930380657631324e-32 -1
usemtl m_2700c4ab-e340-72d9-9db3-1d95e424475d
f 86/208/52 81/207/52 82/206/52 85/205/52
f 87/212/53 84/211/53 83/210/53 88/209/53
o cube
v -0.2530269277865113 0.33594999999999997 0.29878197908957405
v -0.004396453944443049 0.33594999999999997 0.3249140949064874
v -0.24649389883228304 0.33594999999999997 0.23662436062905695
v 0.0021365750097852958 0.33594999999999997 0.26275647644597033
v -0.004396453944443049 0.34845000000000004 0.3249140949064874
v -0.2530269277865113 0.34845 0.29878197908957405
v 0.0021365750097852958 0.34845000000000004 0.26275647644597033
v -0.24649389883228304 0.34845 0.23662436062905695
vt 0.71875 0.3125
vt 0.7265625 0.3125
vt 0.7265625 0.296875
vt 0.71875 0.296875
vt 0.3828125 0.3125
vt 0.375 0.3125
vt 0.375 0.375
vt 0.3828125 0.375
vt 0.4140625 0.375
vt 0.40625 0.375
vt 0.40625 0.3125
vt 0.4140625 0.3125
vn -0.9945218953682733 -5.8024953324216936e-18 -0.10452846326765353
vn -0.10452846326765353 5.520705533658539e-17 0.9945218953682733
vn 0.10452846326765353 -5.520705533658539e-17 -0.9945218953682733
usemtl m_2700c4ab-e340-72d9-9db3-1d95e424475d
f 96/216/54 91/215/54 89/214/54 94/213/54
f 94/220/55 89/219/55 90/218/55 93/217/55
f 95/224/56 92/223/56 91/222/56 96/221/56
o cube
v -0.25907125000000003 -0.0042642337016346905 -0.23155140448356182
v -0.25907125000000003 0.048810203069901484 -0.23386868443734526
v -0.25907125000000003 -0.0042642337016346905 -0.23155140448356182
v -0.25907125000000003 0.048810203069901484 -0.23386868443734526
v -0.25907125000000003 0.04771971838576808 -0.2588448899768917
v -0.25907125000000003 -0.005354718385768096 -0.25652761002310825
v -0.25907125000000003 0.04771971838576808 -0.2588448899768917
v -0.25907125000000003 -0.005354718385768096 -0.25652761002310825
vt 0.203125 0.703125
vt 0.2109375 0.703125
vt 0.2109375 0.703125
vt 0.203125 0.703125
vt 0.234375 0.703125
vt 0.25 0.703125
vt 0.25 0.703125
vt 0.234375 0.703125
vt 0.328125 0.859375
vt 0.3359375 0.859375
vt 0.3359375 0.859375
vt 0.328125 0.859375
vt 0.359375 0.796875
vt 0.375 0.796875
vt 0.375 0.796875
vt 0.359375 0.796875
vt 0.7265625 0.265625
vt 0.71875 0.265625
vt 0.71875 0.28125
vt 0.7265625 0.28125
vn -2.421362408651992e-18 0.9990482215818579 -0.04361938736533616
vn 5.545831691554968e-17 0.04361938736533599 0.9990482215818579
vn 2.421362408651992e-18 -0.9990482215818579 0.04361938736533616
vn -5.545831691554968e-17 -0.04361938736533599 -0.9990482215818579
vn -1 1.66374950746649e-16 -7.264087225955974e-18
usemtl m_2700c4ab-e340-72d9-9db3-1d95e424475d
f 100/228/57 103/227/57 101/226/57 98/225/57
f 99/232/58 100/231/58 98/230/58 97/229/58
f 104/236/59 99/235/59 97/234/59 102/233/59
f 103/240/60 104/239/60 102/238/60 101/237/60
f 102/244/61 97/243/61 98/242/61 101/241/61
o cube
v 0.25 0.5573649623539324 0.25793596566674937
v 0.25 0.5737066641191183 0.07114945977454709
v 0.25 0.5106683358808818 0.2538505402254529
v 0.25 0.5270100376460677 0.06706403433325062
v -0.25 0.5737066641191183 0.07114945977454709
v -0.25 0.5573649623539324 0.25793596566674937
v -0.25 0.5270100376460677 0.06706403433325062
v -0.25 0.5106683358808818 0.2538505402254529
vt 0.40625 0.9375
vt 0.53125 0.9375
vt 0.53125 0.921875
vt 0.40625 0.921875
vt 0.125 0.421875
vt 0.171875 0.421875
vt 0.171875 0.40625
vt 0.125 0.40625
vt 0.40625 0.90625
vt 0.53125 0.90625
vt 0.53125 0.890625
vt 0.40625 0.890625
vt 0.3125 0.421875
vt 0.359375 0.421875
vt 0.359375 0.40625
vt 0.3125 0.40625
vt 0.125 0.953125
vt 0 0.953125
vt 0 1
vt 0.125 1
vt 0.125 0.9375
vt 0 0.9375
vt 0 0.890625
vt 0.125 0.890625
vn 0 0.08715574274765818 -0.9961946980917455
vn 1 0 0
vn 0 -0.08715574274765818 0.9961946980917455
vn -1 0 0
vn 0 0.9961946980917455 0.08715574274765818
vn 0 -0.9961946980917455 -0.08715574274765818
usemtl m_2700c4ab-e340-72d9-9db3-1d95e424475d
f 108/248/62 111/247/62 109/246/62 106/245/62
f 107/252/63 108/251/63 106/250/63 105/249/63
f 112/256/64 107/255/64 105/254/64 110/253/64
f 111/260/65 112/259/65 110/258/65 109/257/65
f 110/264/66 105/263/66 106/262/66 109/261/66
f 111/268/67 108/267/67 107/266/67 112/265/67
o cube
v 0.25 0.5737066641191183 -0.05864945977454708
v 0.25 0.5573649623539324 -0.24543596566674938
v 0.25 0.5270100376460677 -0.054564034333250605
v 0.25 0.5106683358808818 -0.2413505402254529
v -0.25 0.5573649623539324 -0.24543596566674938
v -0.25 0.5737066641191183 -0.05864945977454708
v -0.25 0.5106683358808818 -0.2413505402254529
v -0.25 0.5270100376460677 -0.054564034333250605
vt 0.40625 0.796875
vt 0.53125 0.796875
vt 0.53125 0.78125
vt 0.40625 0.78125
vt 0.578125 0.453125
vt 0.625 0.453125
vt 0.625 0.4375
vt 0.578125 0.4375
vt 0.40625 0.765625
vt 0.53125 0.765625
vt 0.53125 0.75
vt 0.40625 0.75
vt 0.578125 0.421875
vt 0.625 0.421875
vt 0.625 0.40625
vt 0.578125 0.40625
vt 0.125 0.828125
vt 0 0.828125
vt 0 0.875
vt 0.125 0.875
vt 0.265625 1
vt 0.140625 1
vt 0.140625 0.953125
vt 0.265625 0.953125
vn 0 -0.08715574274765818 -0.9961946980917455
vn 1 0 0
vn 0 0.08715574274765818 0.9961946980917455
vn -1 0 0
vn 0 0.9961946980917455 -0.08715574274765818
vn 0 -0.9961946980917455 0.08715574274765818
usemtl m_2700c4ab-e340-72d9-9db3-1d95e424475d
f 116/272/68 119/271/68 117/270/68 114/269/68
f 115/276/69 116/275/69 114/274/69 113/273/69
f 120/280/70 115/279/70 113/278/70 118/277/70
f 119/284/71 120/283/71 118/282/71 117/281/71
f 118/288/72 113/287/72 114/286/72 117/285/72
f 119/292/73 116/291/73 115/290/73 120/289/73
o cube
v 0.25 0.573706875 0.072600625
v 0.25 0.573706875 -0.058649375
v 0.25 0.526831875 0.072600625
v 0.25 0.526831875 -0.058649375
v -0.25 0.573706875 -0.058649375
v -0.25 0.573706875 0.072600625
v -0.25 0.526831875 -0.058649375
v -0.25 0.526831875 0.072600625
vt 0.40625 0.734375
vt 0.53125 0.734375
vt 0.53125 0.71875
vt 0.40625 0.71875
vt 0.625 0.875
vt 0.65625 0.875
vt 0.65625 0.859375
vt 0.625 0.859375
vt 0.40625 0.703125
vt 0.53125 0.703125
vt 0.53125 0.6875
vt 0.40625 0.6875
vt 0.4375 0.375
vt 0.46875 0.375
vt 0.46875 0.359375
vt 0.4375 0.359375
vt 0.25 0.765625
vt 0.125 0.765625
vt 0.125 0.796875
vt 0.25 0.796875
vt 0.25 0.75
vt 0.125 0.75
vt 0.125 0.71875
vt 0.25 0.71875
vn 0 0 -1
vn 1 0 0
vn 0 0 1
vn -1 0 0
vn 0 1 0
vn 0 -1 0
usemtl m_2700c4ab-e340-72d9-9db3-1d95e424475d
f 124/296/74 127/295/74 125/294/74 122/293/74
f 123/300/75 124/299/75 122/298/75 121/297/75
f 128/304/76 123/303/76 121/302/76 126/301/76
f 127/308/77 128/307/77 126/306/77 125/305/77
f 126/312/78 121/311/78 122/310/78 125/309/78
f 127/316/79 124/315/79 123/314/79 128/313/79
o cube
v 0.2965715746817461 0.3463212127792232 0.25625
v 0.2965715746817461 0.3463212127792232 -0.25
v 0.23492872458566916 0.3360057374129308 0.25625
v 0.23492872458566916 0.3360057374129308 -0.25
v 0.26562514858286906 0.531249763067454 -0.25
v 0.26562514858286906 0.531249763067454 0.25625
v 0.20398229848679209 0.5209342877011617 -0.25
v 0.20398229848679209 0.5209342877011617 0.25625
vt 0.375 0.40625
vt 0.421875 0.40625
vt 0.421875 0.390625
vt 0.375 0.390625
vt 0.40625 0.609375
vt 0.53125 0.609375
vt 0.53125 0.59375
vt 0.40625 0.59375
vt 0.4375 0.40625
vt 0.484375 0.40625
vt 0.484375 0.390625
vt 0.4375 0.390625
vt 0.421875 0.875
vt 0.546875 0.875
vt 0.546875 0.859375
vt 0.421875 0.859375
vt 0.109375 0.6875
vt 0.0625 0.6875
vt 0.0625 0.8125
vt 0.109375 0.8125
vt 0.25 0.9375
vt 0.203125 0.9375
vt 0.203125 0.8125
vt 0.25 0.8125
vn 0 0 -1
vn 0.1650476058606777 -0.9862856015372315 0
vn 0 0 1
vn -0.1650476058606777 0.9862856015372315 0
vn 0.9862856015372315 0.1650476058606777 0
vn -0.9862856015372315 -0.1650476058606777 0
usemtl m_2700c4ab-e340-72d9-9db3-1d95e424475d
f 132/320/80 135/319/80 133/318/80 130/317/80
f 131/324/81 132/323/81 130/322/81 129/321/81
f 136/328/82 131/327/82 129/326/82 134/325/82
f 135/332/83 136/331/83 134/330/83 133/329/83
f 134/336/84 129/335/84 130/334/84 133/333/84
f 135/340/85 132/339/85 131/338/85 136/337/85
o cube
v 0.29657125000000006 0.16507187500000006 0.25625
v 0.29657125000000006 0.16507187500000006 0.0625
v 0.23407125000000004 0.16507187500000006 0.25625
v 0.23407125000000004 0.16507187500000006 0.0625
v 0.29657125 0.34632187500000006 0.0625
v 0.29657125 0.34632187500000006 0.25625
v 0.23407125 0.34632187500000006 0.0625
v 0.23407125 0.34632187500000006 0.25625
vt 0.59375 0.5625
vt 0.640625 0.5625
vt 0.640625 0.546875
vt 0.59375 0.546875
vt 0.5 0.40625
vt 0.546875 0.40625
vt 0.546875 0.390625
vt 0.5 0.390625
vt 0 0.390625
vt 0.046875 0.390625
vt 0.046875 0.375
vt 0 0.375
vt 0.0625 0.390625
vt 0.109375 0.390625
vt 0.109375 0.375
vt 0.0625 0.375
vt 0.4375 0.953125
vt 0.390625 0.953125
vt 0.390625 1
vt 0.4375 1
vt 0.171875 0.609375
vt 0.125 0.609375
vt 0.125 0.5625
vt 0.171875 0.5625
vn 0 0 -1
vn 2.220446049250313e-16 -1 0
vn 0 0 1
vn -2.220446049250313e-16 1 0
vn 1 2.220446049250313e-16 0
vn -1 -2.220446049250313e-16 0
usemtl m_2700c4ab-e340-72d9-9db3-1d95e424475d
f 140/344/86 143/343/86 141/342/86 138/341/86
f 139/348/87 140/347/87 138/346/87 137/345/87
f 144/352/88 139/351/88 137/350/88 142/349/88
f 143/356/89 144/355/89 142/354/89 141/353/89
f 142/360/90 137/359/90 138/358/90 141/357/90
f 143/364/91 140/363/91 139/362/91 144/361/91
o cube
v -0.29657125 0.34632187500000006 0.25625
v -0.29657125 0.34632187500000006 0.0625
v -0.23407125 0.34632187500000006 0.25625
v -0.23407125 0.34632187500000006 0.0625
v -0.29657125000000006 0.16507187500000006 0.0625
v -0.29657125000000006 0.16507187500000006 0.25625
v -0.23407125000000004 0.16507187500000006 0.0625
v -0.23407125000000004 0.16507187500000006 0.25625
vt 0.640625 0.5625
vt 0.59375 0.5625
vt 0.59375 0.546875
vt 0.640625 0.546875
vt 0.109375 0.390625
vt 0.0625 0.390625
vt 0.0625 0.375
vt 0.109375 0.375
vt 0.046875 0.390625
vt 0 0.390625
vt 0 0.375
vt 0.046875 0.375
vt 0.546875 0.40625
vt 0.5 0.40625
vt 0.5 0.390625
vt 0.546875 0.390625
vt 0.390625 0.953125
vt 0.4375 0.953125
vt 0.4375 1
vt 0.390625 1
vt 0.125 0.609375
vt 0.171875 0.609375
vt 0.171875 0.5625
vt 0.125 0.5625
vn 0 0 -1
vn 2.220446049250313e-16 1 0
vn 0 0 1
vn -2.220446049250313e-16 -1 0
vn -1 2.220446049250313e-16 0
vn 1 -2.220446049250313e-16 0
usemtl m_2700c4ab-e340-72d9-9db3-1d95e424475d
f 148/368/92 151/367/92 149/366/92 146/365/92
f 147/372/93 148/371/93 146/370/93 145/369/93
f 152/376/94 147/375/94 145/374/94 150/373/94
f 151/380/95 152/379/95 150/378/95 149/377/95
f 150/384/96 145/383/96 146/382/96 149/381/96
f 151/388/97 148/387/97 147/386/97 152/385/97
o cube
v -0.26562514858286906 0.531249763067454 0.25625
v -0.26562514858286906 0.531249763067454 -0.25
v -0.20398229848679209 0.5209342877011617 0.25625
v -0.20398229848679209 0.5209342877011617 -0.25
v -0.2965715746817461 0.3463212127792231 -0.25
v -0.2965715746817461 0.3463212127792231 0.25625
v -0.23492872458566916 0.33600573741293077 -0.25
v -0.23492872458566916 0.33600573741293077 0.25625
vt 0.421875 0.40625
vt 0.375 0.40625
vt 0.375 0.390625
vt 0.421875 0.390625
vt 0.546875 0.875
vt 0.421875 0.875
vt 0.421875 0.859375
vt 0.546875 0.859375
vt 0.484375 0.40625
vt 0.4375 0.40625
vt 0.4375 0.390625
vt 0.484375 0.390625
vt 0.53125 0.609375
vt 0.40625 0.609375
vt 0.40625 0.59375
vt 0.53125 0.59375
vt 0.0625 0.6875
vt 0.109375 0.6875
vt 0.109375 0.8125
vt 0.0625 0.8125
vt 0.203125 0.9375
vt 0.25 0.9375
vt 0.25 0.8125
vt 0.203125 0.8125
vn 0 0 -1
vn 0.1650476058606777 0.9862856015372315 0
vn 0 0 1
vn -0.1650476058606777 -0.9862856015372315 0
vn -0.9862856015372315 0.1650476058606777 0
vn 0.9862856015372315 -0.1650476058606777 0
usemtl m_2700c4ab-e340-72d9-9db3-1d95e424475d
f 156/392/98 159/391/98 157/390/98 154/389/98
f 155/396/99 156/395/99 154/394/99 153/393/99
f 160/400/100 155/399/100 153/398/100 158/397/100
f 159/404/101 160/403/101 158/402/101 157/401/101
f 158/408/102 153/407/102 154/406/102 157/405/102
f 159/412/103 156/411/103 155/410/103 160/409/103
o cube
v 0.25907125 -0.004264794100496294 -0.23155173513360594
v 0.25907125 0.04388280708582572 -0.2540033302885806
v 0.25907125 -0.004264794100496294 -0.23155173513360594
v 0.25907125 0.04388280708582572 -0.2540033302885806
v 0.25907125 0.20632670144240706 0.09435872535363177
v 0.25907125 0.15817910025608506 0.11681032050860642
v 0.25907125 0.20632670144240706 0.09435872535363177
v 0.25907125 0.15817910025608506 0.11681032050860642
vt 0.421875 0.8125
vt 0.515625 0.8125
vt 0.515625 0.8125
vt 0.421875 0.8125
vt 0.515625 0.515625
vt 0.53125 0.515625
vt 0.53125 0.515625
vt 0.515625 0.515625
vt 0.75 0.4375
vt 0.84375 0.4375
vt 0.84375 0.4375
vt 0.75 0.4375
vt 0.546875 0.5625
vt 0.5625 0.5625
vt 0.5625 0.5625
vt 0.546875 0.5625
vt 0.09375 0.578125
vt 0 0.578125
vt 0 0.59375
vt 0.09375 0.59375
vn 2.346002624057927e-17 0.90630778703665 -0.42261826174069955
vn 5.031018862825808e-17 -0.42261826174069933 -0.90630778703665
vn -2.346002624057927e-17 -0.90630778703665 0.42261826174069955
vn -5.031018862825808e-17 0.42261826174069933 0.90630778703665
vn 1 1.5093056588477423e-16 -7.03800787217378e-17
usemtl m_2700c4ab-e340-72d9-9db3-1d95e424475d
f 164/416/104 167/415/104 165/414/104 162/413/104
f 163/420/105 164/419/105 162/418/105 161/417/105
f 168/424/106 163/423/106 161/422/106 166/421/106
f 167/428/107 168/427/107 166/426/107 165/425/107
f 166/432/108 161/431/108 162/430/108 165/429/108
o cube
v 0.27157125 0.09478636099498014 -0.019135847546891058
v 0.27157125 0.14293396218130217 -0.04158744270186569
v 0.27157125 0.09478636099498014 -0.019135847546891058
v 0.27157125 0.14293396218130217 -0.04158744270186569
v 0.27157125 0.17991306008361338 0.037714488663841195
v 0.27157125 0.13176545889729135 0.06016608381881584
v 0.27157125 0.17991306008361338 0.037714488663841195
v 0.27157125 0.13176545889729135 0.06016608381881584
vt 0.65625 0.46875
vt 0.6796875 0.46875
vt 0.6796875 0.46875
vt 0.65625 0.46875
vt 0.59375 0.53125
vt 0.609375 0.53125
vt 0.609375 0.53125
vt 0.59375 0.53125
vt 0.75 0.421875
vt 0.7734375 0.421875
vt 0.7734375 0.421875
vt 0.75 0.421875
vt 0.59375 0.25
vt 0.609375 0.25
vt 0.609375 0.25
vt 0.59375 0.25
vt 0.6796875 0.921875
vt 0.65625 0.921875
vt 0.65625 0.9375
vt 0.6796875 0.9375
vn 2.346002624057927e-17 0.90630778703665 -0.42261826174069955
vn 5.031018862825808e-17 -0.42261826174069933 -0.90630778703665
vn -2.346002624057927e-17 -0.90630778703665 0.42261826174069955
vn -5.031018862825808e-17 0.42261826174069933 0.90630778703665
vn 1 1.5093056588477423e-16 -7.03800787217378e-17
usemtl m_2700c4ab-e340-72d9-9db3-1d95e424475d
f 172/436/109 175/435/109 173/434/109 170/433/109
f 171/440/110 172/439/110 170/438/110 169/437/110
f 176/444/111 171/443/111 169/442/111 174/441/111
f 175/448/112 176/447/112 174/446/112 173/445/112
f 174/452/113 169/451/113 170/450/113 173/449/113
o cube
v 0.26532125 0.09478636099498015 -0.019135847546891016
v 0.26532125 0.14293396218130217 -0.04158744270186565
v 0.26532125 0.09478636099498015 -0.019135847546891016
v 0.26532125 0.14293396218130217 -0.04158744270186565
v 0.26532125 0.17991306008361335 0.037714488663841146
v 0.26532125 0.13176545889729133 0.06016608381881579
v 0.26532125 0.17991306008361335 0.037714488663841146
v 0.26532125 0.13176545889729133 0.06016608381881579
vt 0.65625 0.46875
vt 0.6796875 0.46875
vt 0.6796875 0.46875
vt 0.65625 0.46875
vt 0.59375 0.53125
vt 0.609375 0.53125
vt 0.609375 0.53125
vt 0.59375 0.53125
vt 0.75 0.421875
vt 0.7734375 0.421875
vt 0.7734375 0.421875
vt 0.75 0.421875
vt 0.59375 0.25
vt 0.609375 0.25
vt 0.609375 0.25
vt 0.59375 0.25
vt 0.4609375 0.34375
vt 0.4375 0.34375
vt 0.4375 0.328125
vt 0.4609375 0.328125
vn 2.346002624057927e-17 0.90630778703665 -0.42261826174069955
vn 5.031018862825808e-17 -0.42261826174069933 -0.90630778703665
vn -2.346002624057927e-17 -0.90630778703665 0.42261826174069955
vn -5.031018862825808e-17 0.42261826174069933 0.90630778703665
vn -1 -1.5093056588477423e-16 7.03800787217378e-17
usemtl m_2700c4ab-e340-72d9-9db3-1d95e424475d
f 180/456/114 183/455/114 181/454/114 178/453/114
f 179/460/115 180/459/115 178/458/115 177/457/115
f 184/464/116 179/463/116 177/462/116 182/461/116
f 183/468/117 184/467/117 182/466/117 181/465/117
f 183/472/118 180/471/118 179/470/118 184/469/118
o cube
v 0.26532125000000006 0.037920439601232536 -0.16313553936911604
v 0.26532125000000006 0.04393436033265258 -0.21591904420193472
v 0.26532125000000006 0.037920439601232536 -0.16313553936911604
v 0.26532125000000006 0.04393436033265258 -0.21591904420193472
v 0.26532124999999995 0.3637403013785542 -0.17948175977038974
v 0.26532124999999995 0.35772638064713413 -0.12669825493757106
v 0.26532124999999995 0.3637403013785542 -0.17948175977038974
v 0.26532124999999995 0.35772638064713413 -0.12669825493757106
vt 0.75 0.34375
vt 0.828125 0.34375
vt 0.828125 0.34375
vt 0.75 0.34375
vt 0.75 0.328125
vt 0.765625 0.328125
vt 0.765625 0.328125
vt 0.75 0.328125
vt 0.75 0.3125
vt 0.828125 0.3125
vt 0.828125 0.3125
vt 0.75 0.3125
vt 0.703125 0.25
vt 0.71875 0.25
vt 0.71875 0.25
vt 0.703125 0.25
vt 0.328125 0.59375
vt 0.25 0.59375
vt 0.25 0.609375
vt 0.328125 0.609375
vt 0.53125 1
vt 0.453125 1
vt 0.453125 0.984375
vt 0.53125 0.984375
vn -2.5136162877338716e-17 0.11320321376790672 -0.9935718556765876
vn 2.2061727015833814e-16 -0.9935718556765876 -0.11320321376790674
vn 2.5136162877338716e-17 -0.11320321376790672 0.9935718556765876
vn -2.2061727015833814e-16 0.9935718556765876 0.11320321376790674
vn 1 2.229737854280886e-16 4.453293799994518e-18
vn -1 -2.229737854280886e-16 -4.453293799994518e-18
usemtl m_2700c4ab-e340-72d9-9db3-1d95e424475d
f 188/476/119 191/475/119 189/474/119 186/473/119
f 187/480/120 188/479/120 186/478/120 185/477/120
f 192/484/121 187/483/121 185/482/121 190/481/121
f 191/488/122 192/487/122 190/486/122 189/485/122
f 190/492/123 185/491/123 186/490/123 189/489/123
f 191/496/124 188/495/124 187/494/124 192/493/124
o cube
v 0.27782125 0.037920439601232536 -0.16313553936911604
v 0.27782125 0.04393436033265258 -0.21591904420193472
v 0.27782125 0.037920439601232536 -0.16313553936911604
v 0.27782125 0.04393436033265258 -0.21591904420193472
v 0.27782125 0.14639645794930067 -0.20424496278211934
v 0.27782125 0.14038253721788063 -0.15146145794930066
v 0.27782125 0.14639645794930067 -0.20424496278211934
v 0.27782125 0.14038253721788063 -0.15146145794930066
vt 0.75 0.296875
vt 0.7734375 0.296875
vt 0.7734375 0.296875
vt 0.75 0.296875
vt 0.75 0.28125
vt 0.765625 0.28125
vt 0.765625 0.28125
vt 0.75 0.28125
vt 0.734375 0.25
vt 0.7578125 0.25
vt 0.7578125 0.25
vt 0.734375 0.25
vt 0.75 0.265625
vt 0.765625 0.265625
vt 0.765625 0.265625
vt 0.75 0.265625
vt 0.6796875 0.546875
vt 0.65625 0.546875
vt 0.65625 0.5625
vt 0.6796875 0.5625
vn -2.5136162877338716e-17 0.11320321376790672 -0.9935718556765876
vn 2.2061727015833814e-16 -0.9935718556765876 -0.11320321376790674
vn 2.5136162877338716e-17 -0.11320321376790672 0.9935718556765876
vn -2.2061727015833814e-16 0.9935718556765876 0.11320321376790674
vn 1 2.229737854280886e-16 4.453293799994518e-18
usemtl m_2700c4ab-e340-72d9-9db3-1d95e424475d
f 196/500/125 199/499/125 197/498/125 194/497/125
f 195/504/126 196/503/126 194/502/126 193/501/126
f 200/508/127 195/507/127 193/506/127 198/505/127
f 199/512/128 200/511/128 198/510/128 197/509/128
f 198/516/129 193/515/129 194/514/129 197/513/129
o cube
v 0.27157125000000004 0.037920439601232536 -0.16313553936911604
v 0.27157125000000004 0.04393436033265258 -0.21591904420193472
v 0.27157125000000004 0.037920439601232536 -0.16313553936911604
v 0.27157125000000004 0.04393436033265258 -0.21591904420193472
v 0.27157125000000004 0.14639645794930067 -0.20424496278211934
v 0.27157125000000004 0.14038253721788063 -0.15146145794930066
v 0.27157125000000004 0.14639645794930067 -0.20424496278211934
v 0.27157125000000004 0.14038253721788063 -0.15146145794930066
vt 0.75 0.296875
vt 0.7734375 0.296875
vt 0.7734375 0.296875
vt 0.75 0.296875
vt 0.75 0.28125
vt 0.765625 0.28125
vt 0.765625 0.28125
vt 0.75 0.28125
vt 0.734375 0.25
vt 0.7578125 0.25
vt 0.7578125 0.25
vt 0.734375 0.25
vt 0.75 0.265625
vt 0.765625 0.265625
vt 0.765625 0.265625
vt 0.75 0.265625
vt 0.6796875 0.53125
vt 0.65625 0.53125
vt 0.65625 0.515625
vt 0.6796875 0.515625
vn -2.5136162877338716e-17 0.11320321376790672 -0.9935718556765876
vn 2.2061727015833814e-16 -0.9935718556765876 -0.11320321376790674
vn 2.5136162877338716e-17 -0.11320321376790672 0.9935718556765876
vn -2.2061727015833814e-16 0.9935718556765876 0.11320321376790674
vn -1 -2.229737854280886e-16 -4.453293799994518e-18
usemtl m_2700c4ab-e340-72d9-9db3-1d95e424475d
f 204/520/130 207/519/130 205/518/130 202/517/130
f 203/524/131 204/523/131 202/522/131 201/521/131
f 208/528/132 203/527/132 201/526/132 206/525/132
f 207/532/133 208/531/133 206/530/133 205/529/133
f 207/536/134 204/535/134 203/534/134 208/533/134
o cube
v -0.27782125 0.14038253721788063 -0.15146145794930066
v -0.27782125 0.14639645794930067 -0.20424496278211934
v -0.27782125 0.14038253721788063 -0.15146145794930066
v -0.27782125 0.14639645794930067 -0.20424496278211934
v -0.27782125 0.04393436033265258 -0.21591904420193472
v -0.27782125 0.037920439601232536 -0.16313553936911604
v -0.27782125 0.04393436033265258 -0.21591904420193472
v -0.27782125 0.037920439601232536 -0.16313553936911604
vt 0.765625 0.9375
vt 0.7890625 0.9375
vt 0.7890625 0.9375
vt 0.765625 0.9375
vt 0 0.234375
vt 0.015625 0.234375
vt 0.015625 0.234375
vt 0 0.234375
vt 0.765625 0.921875
vt 0.7890625 0.921875
vt 0.7890625 0.921875
vt 0.765625 0.921875
vt 0.09375 0.234375
vt 0.109375 0.234375
vt 0.109375 0.234375
vt 0.09375 0.234375
vt 0.6796875 0.484375
vt 0.65625 0.484375
vt 0.65625 0.5
vt 0.6796875 0.5
vn 2.5136162877338716e-17 0.11320321376790672 -0.9935718556765876
vn 2.2061727015833814e-16 0.9935718556765876 0.11320321376790674
vn -2.5136162877338716e-17 -0.11320321376790672 0.9935718556765876
vn -2.2061727015833814e-16 -0.9935718556765876 -0.11320321376790674
vn -1 2.229737854280886e-16 4.453293799994518e-18
usemtl m_2700c4ab-e340-72d9-9db3-1d95e424475d
f 212/540/135 215/539/135 213/538/135 210/537/135
f 211/544/136 212/543/136 210/542/136 209/541/136
f 216/548/137 211/547/137 209/546/137 214/545/137
f 215/552/138 216/551/138 214/550/138 213/549/138
f 214/556/139 209/555/139 210/554/139 213/553/139
o cube
v -0.27157125 0.14639675917403408 -0.2042447117065016
v -0.27157125 0.14038283844261404 -0.15146120687368292
v -0.27157125 0.14639675917403408 -0.2042447117065016
v -0.27157125 0.14038283844261404 -0.15146120687368292
v -0.27157125 0.037920740825965936 -0.16313528829349833
v -0.27157125 0.04393466155738597 -0.215918793126317
v -0.27157125 0.037920740825965936 -0.16313528829349833
v -0.27157125 0.04393466155738597 -0.215918793126317
vt 0.765625 0.9375
vt 0.7890625 0.9375
vt 0.7890625 0.9375
vt 0.765625 0.9375
vt 0 0.234375
vt 0.015625 0.234375
vt 0.015625 0.234375
vt 0 0.234375
vt 0.765625 0.921875
vt 0.7890625 0.921875
vt 0.7890625 0.921875
vt 0.765625 0.921875
vt 0.09375 0.234375
vt 0.109375 0.234375
vt 0.109375 0.234375
vt 0.09375 0.234375
vt 0.6796875 0.484375
vt 0.65625 0.484375
vt 0.65625 0.5
vt 0.6796875 0.5
vn 9.206676189427842e-17 -0.11320321376790674 0.9935718556765876
vn 2.339708566869243e-16 0.9935718556765875 0.1132032137679067
vn -9.206676189427842e-17 0.11320321376790674 -0.9935718556765876
vn -2.339708566869243e-16 -0.9935718556765875 -0.1132032137679067
vn 1 -2.0962019889950243e-16 -1.216562185716116e-16
usemtl m_2700c4ab-e340-72d9-9db3-1d95e424475d
f 220/560/140 223/559/140 221/558/140 218/557/140
f 219/564/141 220/563/141 218/562/141 217/561/141
f 224/568/142 219/567/142 217/566/142 222/565/142
f 223/572/143 224/571/143 222/570/143 221/569/143
f 222/576/144 217/575/144 218/574/144 221/573/144
o cube
v -0.27157125 0.13176545889729135 0.06016608381881584
v -0.27157125 0.17991306008361338 0.037714488663841195
v -0.27157125 0.13176545889729135 0.06016608381881584
v -0.27157125 0.17991306008361338 0.037714488663841195
v -0.27157125 0.14293396218130217 -0.04158744270186569
v -0.27157125 0.09478636099498014 -0.019135847546891058
v -0.27157125 0.14293396218130217 -0.04158744270186569
v -0.27157125 0.09478636099498014 -0.019135847546891058
vt 0.765625 0.90625
vt 0.7890625 0.90625
vt 0.7890625 0.90625
vt 0.765625 0.90625
vt 0.765625 0.890625
vt 0.78125 0.890625
vt 0.78125 0.890625
vt 0.765625 0.890625
vt 0.765625 0.875
vt 0.7890625 0.875
vt 0.7890625 0.875
vt 0.765625 0.875
vt 0.765625 0.859375
vt 0.78125 0.859375
vt 0.78125 0.859375
vt 0.765625 0.859375
vt 0.6796875 0.34375
vt 0.65625 0.34375
